0.005000 1.000000
0.015000 0.999900
0.025000 0.999700
0.035000 0.999400
0.045000 0.999000
0.055000 0.998501
0.065000 0.997902
0.075000 0.997204
0.085000 0.996406
0.095000 0.995510
0.105000 0.994515
0.115000 0.993422
0.125000 0.992230
0.135000 0.990941
0.145000 0.989555
0.155000 0.988072
0.165000 0.986492
0.175000 0.984816
0.185000 0.983045
0.195000 0.981179
0.205000 0.979219
0.215000 0.977165
0.225000 0.975017
0.235000 0.972777
0.245000 0.970446
0.255000 0.968022
0.265000 0.965509
0.275000 0.962906
0.285000 0.960213
0.295000 0.957433
0.305000 0.954565
0.315000 0.951610
0.325000 0.948570
0.335000 0.945445
0.345000 0.942236
0.355000 0.938943
0.365000 0.935569
0.375000 0.932114
0.385000 0.928579
0.395000 0.924964
0.405000 0.921272
0.415000 0.917502
0.425000 0.913657
0.435000 0.909737
0.445000 0.905743
0.455000 0.901676
0.465000 0.897538
0.475000 0.893329
0.485000 0.889052
0.495000 0.884706
0.505000 0.880293
0.515000 0.875815
0.525000 0.871273
0.535000 0.866667
0.545000 0.862000
0.555000 0.857272
0.565000 0.852485
0.575000 0.847639
0.585000 0.842737
0.595000 0.837780
0.605000 0.832768
0.615000 0.827704
0.625000 0.822588
0.635000 0.817422
0.645000 0.812207
0.655000 0.806945
0.665000 0.801637
0.675000 0.796284
0.685000 0.790887
0.695000 0.785449
0.705000 0.779970
0.715000 0.774452
0.725000 0.768896
0.735000 0.763303
0.745000 0.757676
0.755000 0.752014
0.765000 0.746321
0.775000 0.740596
0.785000 0.734842
0.795000 0.729059
0.805000 0.723250
0.815000 0.717416
0.825000 0.711557
0.835000 0.705675
0.845000 0.699772
0.855000 0.693850
0.865000 0.687908
0.875000 0.681949
0.885000 0.675974
0.895000 0.669985
0.905000 0.663982
0.915000 0.657967
0.925000 0.651942
0.935000 0.645907
0.945000 0.639864
0.955000 0.633814
0.965000 0.627758
0.975000 0.621699
0.985000 0.615636
0.995000 0.609571
1.005000 0.603506
1.015000 0.597441
1.025000 0.591378
1.035000 0.585318
1.045000 0.579262
1.055000 0.573212
1.065000 0.567168
1.075000 0.561131
1.085000 0.555104
1.095000 0.549086
1.105000 0.543079
1.115000 0.537084
1.125000 0.531103
1.135000 0.525135
1.145000 0.519182
1.155000 0.513246
1.165000 0.507327
1.175000 0.501426
1.185000 0.495544
1.195000 0.489682
1.205000 0.483840
1.215000 0.478021
1.225000 0.472225
1.235000 0.466452
1.245000 0.460704
1.255000 0.454981
1.265000 0.449284
1.275000 0.443614
1.285000 0.437972
1.295000 0.432359
1.305000 0.426774
1.315000 0.421220
1.325000 0.415696
1.335000 0.410204
1.345000 0.404744
1.355000 0.399317
1.365000 0.393923
1.375000 0.388563
1.385000 0.383238
1.395000 0.377947
1.405000 0.372693
1.415000 0.367475
1.425000 0.362294
1.435000 0.357150
1.445000 0.352044
1.455000 0.346976
1.465000 0.341947
1.475000 0.336957
1.485000 0.332007
1.495000 0.327097
1.505000 0.322227
1.515000 0.317398
1.525000 0.312610
1.535000 0.307863
1.545000 0.303158
1.555000 0.298496
1.565000 0.293875
1.575000 0.289297
1.585000 0.284762
1.595000 0.280271
1.605000 0.275822
1.615000 0.271417
1.625000 0.267055
1.635000 0.262737
1.645000 0.258464
1.655000 0.254234
1.665000 0.250049
1.675000 0.245907
1.685000 0.241811
1.695000 0.237758
1.705000 0.233751
1.715000 0.229788
1.725000 0.225869
1.735000 0.221995
1.745000 0.218166
1.755000 0.214381
1.765000 0.210641
1.775000 0.206945
1.785000 0.203294
1.795000 0.199688
1.805000 0.196126
1.815000 0.192608
1.825000 0.189134
1.835000 0.185704
1.845000 0.182319
1.855000 0.178977
1.865000 0.175678
1.875000 0.172424
1.885000 0.169212
1.895000 0.166044
1.905000 0.162919
1.915000 0.159837
1.925000 0.156798
1.935000 0.153800
1.945000 0.150845
1.955000 0.147932
1.965000 0.145061
1.975000 0.142231
1.985000 0.139443
1.995000 0.136695
2.005000 0.133989
2.015000 0.131322
2.025000 0.128696
2.035000 0.126110
2.045000 0.123564
2.055000 0.121056
2.065000 0.118588
2.075000 0.116158
2.085000 0.113767
2.095000 0.111414
2.105000 0.109099
2.115000 0.106821
2.125000 0.104580
2.135000 0.102376
2.145000 0.100209
2.155000 0.098077
2.165000 0.095981
2.175000 0.093921
2.185000 0.091896
2.195000 0.089905
2.205000 0.087949
2.215000 0.086026
2.225000 0.084138
2.235000 0.082282
2.245000 0.080460
2.255000 0.078669
2.265000 0.076911
2.275000 0.075185
2.285000 0.073490
2.295000 0.071827
2.305000 0.070193
2.315000 0.068591
2.325000 0.067018
2.335000 0.065474
2.345000 0.063960
2.355000 0.062474
2.365000 0.061017
2.375000 0.059588
2.385000 0.058187
2.395000 0.056812
2.405000 0.055465
2.415000 0.054144
2.425000 0.052850
2.435000 0.051581
2.445000 0.050338
2.455000 0.049119
2.465000 0.047926
2.475000 0.046757
2.485000 0.045611
2.495000 0.044490
2.505000 0.043391
2.515000 0.042316
2.525000 0.041263
2.535000 0.040232
2.545000 0.039223
2.555000 0.038235
2.565000 0.037269
2.575000 0.036323
2.585000 0.035398
2.595000 0.034493
2.605000 0.033608
2.615000 0.032742
2.625000 0.031895
2.635000 0.031067
2.645000 0.030258
2.655000 0.029467
2.665000 0.028693
2.675000 0.027937
2.685000 0.027198
2.695000 0.026476
2.705000 0.025771
2.715000 0.025082
2.725000 0.024409
2.735000 0.023752
2.745000 0.023110
2.755000 0.022483
2.765000 0.021871
2.775000 0.021273
2.785000 0.020690
2.795000 0.020121
2.805000 0.019565
2.815000 0.019023
2.825000 0.018494
2.835000 0.017978
2.845000 0.017475
2.855000 0.016984
2.865000 0.016505
2.875000 0.016038
2.885000 0.015583
2.895000 0.015139
2.905000 0.014706
2.915000 0.014284
2.925000 0.013873
2.935000 0.013473
2.945000 0.013082
2.955000 0.012702
2.965000 0.012331
2.975000 0.011971
2.985000 0.011619
2.995000 0.011277
3.005000 0.010944
3.015000 0.010619
3.025000 0.010303
3.035000 0.009996
3.045000 0.009696
3.055000 0.009405
3.065000 0.009122
3.075000 0.008846
3.085000 0.008578
3.095000 0.008317
3.105000 0.008063
3.115000 0.007816
3.125000 0.007576
3.135000 0.007342
3.145000 0.007115
3.155000 0.006895
3.165000 0.006680
3.175000 0.006472
3.185000 0.006269
3.195000 0.006072
3.205000 0.005881
3.215000 0.005695
3.225000 0.005515
3.235000 0.005340
3.245000 0.005169
3.255000 0.005004
3.265000 0.004844
3.275000 0.004688
3.285000 0.004536
3.295000 0.004390
3.305000 0.004247
3.315000 0.004109
3.325000 0.003975
3.335000 0.003845
3.345000 0.003718
3.355000 0.003596
3.365000 0.003477
3.375000 0.003362
3.385000 0.003250
3.395000 0.003142
3.405000 0.003037
3.415000 0.002935
3.425000 0.002836
3.435000 0.002741
3.445000 0.002648
3.455000 0.002558
3.465000 0.002471
3.475000 0.002387
3.485000 0.002305
3.495000 0.002226
3.505000 0.002150
3.515000 0.002075
3.525000 0.002004
3.535000 0.001934
3.545000 0.001867
3.555000 0.001802
3.565000 0.001739
3.575000 0.001678
3.585000 0.001619
3.595000 0.001562
3.605000 0.001506
3.615000 0.001453
3.625000 0.001401
3.635000 0.001351
3.645000 0.001303
3.655000 0.001256
3.665000 0.001211
3.675000 0.001168
3.685000 0.001125
3.695000 0.001085
3.705000 0.001045
3.715000 0.001007
3.725000 0.000970
3.735000 0.000935
3.745000 0.000901
3.755000 0.000867
3.765000 0.000835
3.775000 0.000804
3.785000 0.000775
3.795000 0.000746
3.805000 0.000718
3.815000 0.000691
3.825000 0.000665
3.835000 0.000640
3.845000 0.000616
3.855000 0.000593
3.865000 0.000570
3.875000 0.000549
3.885000 0.000528
3.895000 0.000508
3.905000 0.000488
3.915000 0.000470
3.925000 0.000452
3.935000 0.000434
3.945000 0.000417
3.955000 0.000401
3.965000 0.000386
3.975000 0.000371
3.985000 0.000356
3.995000 0.000342
4.005000 0.000329
4.015000 0.000316
4.025000 0.000303
4.035000 0.000291
4.045000 0.000280
4.055000 0.000269
4.065000 0.000258
4.075000 0.000248
4.085000 0.000238
4.095000 0.000228
4.105000 0.000219
4.115000 0.000210
4.125000 0.000202
4.135000 0.000194
4.145000 0.000186
4.155000 0.000178
4.165000 0.000171
4.175000 0.000164
4.185000 0.000157
4.195000 0.000151
4.205000 0.000145
4.215000 0.000139
4.225000 0.000133
4.235000 0.000127
4.245000 0.000122
4.255000 0.000117
4.265000 0.000112
4.275000 0.000107
4.285000 0.000103
4.295000 0.000099
4.305000 0.000094
4.315000 0.000090
4.325000 0.000087
4.335000 0.000083
4.345000 0.000079
4.355000 0.000076
4.365000 0.000073
4.375000 0.000070
4.385000 0.000067
4.395000 0.000064
4.405000 0.000061
4.415000 0.000058
4.425000 0.000056
4.435000 0.000053
4.445000 0.000051
4.455000 0.000049
4.465000 0.000047
4.475000 0.000045
4.485000 0.000043
4.495000 0.000041
4.505000 0.000039
4.515000 0.000037
4.525000 0.000036
4.535000 0.000034
4.545000 0.000032
4.555000 0.000031
4.565000 0.000030
4.575000 0.000028
4.585000 0.000027
4.595000 0.000026
4.605000 0.000025
4.615000 0.000023
4.625000 0.000022
4.635000 0.000021
4.645000 0.000020
4.655000 0.000019
4.665000 0.000018
4.675000 0.000018
4.685000 0.000017
4.695000 0.000016
4.705000 0.000015
4.715000 0.000014
4.725000 0.000014
4.735000 0.000013
4.745000 0.000012
4.755000 0.000012
4.765000 0.000011
4.775000 0.000011
4.785000 0.000010
4.795000 0.000009
4.805000 0.000009
4.815000 0.000008
4.825000 0.000008
4.835000 0.000008
4.845000 0.000007
4.855000 0.000007
4.865000 0.000006
4.875000 0.000006
4.885000 0.000005
4.895000 0.000005
4.905000 0.000005
4.915000 0.000004
4.925000 0.000004
4.935000 0.000004
4.945000 0.000003
4.955000 0.000003
4.965000 0.000003
4.975000 0.000003
4.985000 0.000002
4.995000 0.000002
5.005000 0.000002
5.015000 0.000001
5.025000 0.000001
5.035000 0.000001
5.045000 0.000001
5.055000 0.000000
5.065000 0.000000
5.075000 -0.000000
5.085000 -0.000000
5.095000 -0.000001
5.105000 -0.000001
5.115000 -0.000001
5.125000 -0.000001
5.135000 -0.000002
5.145000 -0.000002
5.155000 -0.000002
5.165000 -0.000003
5.175000 -0.000003
5.185000 -0.000003
5.195000 -0.000004
5.205000 -0.000004
5.215000 -0.000004
5.225000 -0.000005
5.235000 -0.000005
5.245000 -0.000005
5.255000 -0.000006
5.265000 -0.000006
5.275000 -0.000006
5.285000 -0.000007
5.295000 -0.000007
5.305000 -0.000008
5.315000 -0.000008
5.325000 -0.000009
5.335000 -0.000009
5.345000 -0.000010
5.355000 -0.000010
5.365000 -0.000011
5.375000 -0.000012
5.385000 -0.000012
5.395000 -0.000013
5.405000 -0.000014
5.415000 -0.000015
5.425000 -0.000016
5.435000 -0.000016
5.445000 -0.000017
5.455000 -0.000018
5.465000 -0.000019
5.475000 -0.000020
5.485000 -0.000022
5.495000 -0.000023
5.505000 -0.000024
5.515000 -0.000025
5.525000 -0.000027
5.535000 -0.000028
5.545000 -0.000030
5.555000 -0.000032
5.565000 -0.000033
5.575000 -0.000035
5.585000 -0.000037
5.595000 -0.000039
5.605000 -0.000041
5.615000 -0.000044
5.625000 -0.000046
5.635000 -0.000049
5.645000 -0.000052
5.655000 -0.000055
5.665000 -0.000058
5.675000 -0.000061
5.685000 -0.000064
5.695000 -0.000068
5.705000 -0.000072
5.715000 -0.000076
5.725000 -0.000080
5.735000 -0.000085
5.745000 -0.000090
5.755000 -0.000095
5.765000 -0.000100
5.775000 -0.000106
5.785000 -0.000112
5.795000 -0.000119
5.805000 -0.000126
5.815000 -0.000133
5.825000 -0.000141
5.835000 -0.000149
5.845000 -0.000157
5.855000 -0.000167
5.865000 -0.000176
5.875000 -0.000187
5.885000 -0.000198
5.895000 -0.000209
5.905000 -0.000222
5.915000 -0.000235
5.925000 -0.000249
5.935000 -0.000263
5.945000 -0.000279
5.955000 -0.000296
5.965000 -0.000313
5.975000 -0.000332
5.985000 -0.000352
5.995000 -0.000373
6.005000 -0.000395
6.015000 -0.000419
6.025000 -0.000444
6.035000 -0.000471
6.045000 -0.000499
6.055000 -0.000530
6.065000 -0.000562
6.075000 -0.000596
6.085000 -0.000632
6.095000 -0.000671
6.105000 -0.000712
6.115000 -0.000755
6.125000 -0.000802
6.135000 -0.000851
6.145000 -0.000903
6.155000 -0.000959
6.165000 -0.001018
6.175000 -0.001081
6.185000 -0.001148
6.195000 -0.001220
6.205000 -0.001295
6.215000 -0.001376
6.225000 -0.001462
6.235000 -0.001553
6.245000 -0.001651
6.255000 -0.001754
6.265000 -0.001865
6.275000 -0.001982
6.285000 -0.002107
6.295000 -0.002240
6.305000 -0.002382
6.315000 -0.002533
6.325000 -0.002694
6.335000 -0.002865
6.345000 -0.003048
6.355000 -0.003242
6.365000 -0.003450
6.375000 -0.003671
6.385000 -0.003906
6.395000 -0.004157
6.405000 -0.004425
6.415000 -0.004710
6.425000 -0.005015
6.435000 -0.005339
6.445000 -0.005685
6.455000 -0.006054
6.465000 -0.006448
6.475000 -0.006868
6.485000 -0.007317
6.495000 -0.007795
6.505000 -0.008305
6.515000 -0.008850
6.525000 -0.009431
6.535000 -0.010052
6.545000 -0.010715
6.555000 -0.011422
6.565000 -0.012177
6.575000 -0.012984
6.585000 -0.013846
6.595000 -0.014766
6.605000 -0.015749
6.615000 -0.016799
6.625000 -0.017921
6.635000 -0.019120
6.645000 -0.020401
6.655000 -0.021770
6.665000 -0.023233
6.675000 -0.024798
6.685000 -0.026470
6.695000 -0.028259
6.705000 -0.030171
6.715000 -0.032215
6.725000 -0.034402
6.735000 -0.036741
6.745000 -0.039243
6.755000 -0.041920
6.765000 -0.044784
6.775000 -0.047848
6.785000 -0.051128
6.795000 -0.054638
6.805000 -0.058394
6.815000 -0.062416
6.825000 -0.066721
6.835000 -0.071330
6.845000 -0.076266
6.855000 -0.081551
6.865000 -0.087212
6.875000 -0.093275
6.885000 -0.099770
6.895000 -0.106728
6.905000 -0.114183
6.915000 -0.122171
6.925000 -0.130732
6.935000 -0.139906
6.945000 -0.149740
6.955000 -0.160281
6.965000 -0.171582
6.975000 -0.183698
6.985000 -0.196690
6.995000 -0.210623
7.005000 -0.225565
7.015000 -0.241593
7.025000 -0.258785
7.035000 -0.277229
7.045000 -0.297019
7.055000 -0.318253
7.065000 -0.341040
7.075000 -0.365496
7.085000 -0.391746
7.095000 -0.419924
7.105000 -0.450175
7.115000 -0.482654
7.125000 -0.517529
7.135000 -0.554981
7.145000 -0.595205
7.155000 -0.638408
7.165000 -0.684818
7.175000 -0.734676
7.185000 -0.788244
7.195000 -0.845805
7.205000 -0.907662
7.215000 -0.974142
7.225000 -1.045598
7.235000 -1.122409
7.245000 -1.204987
7.255000 -1.293772
7.265000 -1.389240
7.275000 -1.491905
