35	12
12	6
6	99
115	62
3	6
121	6
46	81
75	115
12	121
124	56
114	35
35	28
70	31
3	96
46	97
6	46
124	104
81	57
35	60
46	65
115	30
57	103
24	81
67	124
23	6
114	57
13	28
57	71
35	121
35	92
57	7
14	46
96	115
26	124
26	99
56	101
46	113
71	31
120	60
71	124
3	67
3	112
28	14
115	104
12	13
3	48
65	96
70	79
52	101
35	92
15	48
12	70
75	3
113	7
70	30
65	113
52	97
23	46
28	75
97	114
6	52
48	15
7	35
26	13
70	112
60	101
62	81
79	15
62	104
115	75
6	56
103	92
124	99
24	120
103	56
14	48
113	99
57	124
6	57
96	7
103	121
112	65
12	62
30	57
92	71
70	35
13	56
124	99
120	52
115	31
30	46
67	96
97	79
28	24
7	67
12	115
101	14
114	26
15	81
81	121
121	52
46	30
3	60
104	31
14	104
99	71
6	15
23	23
124	26
60	75
97	120
71	48
114	99
92	112
7	114
57	28
56	70
15	26
79	62
62	35
75	124
67	121
79	31
35	112
115	52
3	13
48	92
97	60
65	12
104	120
13	70
121	70
14	115
103	96
113	24
120	112
101	15
28	101
81	31
3	23
103	96
57	7
65	28
112	3
48	113
113	114
57	120
124	23
81	30
13	101
56	97
67	65
97	67
31	15
46	71
35	24
99	92
6	103
75	56
99	23
96	57
79	52
35	24
92	48
14	113
7	46
62	30
28	6
60	115
14	62
30	24
6	79
104	70
65	75
12	121
71	26
31	103
120	46
121	70
114	60
15	79
13	60
81	3
13	56
24	112
103	26
23	35
7	71
67	92
97	104
46	12
81	113
75	6
99	104
26	101
3	81
52	52
24	103
96	67
115	112
97	99
65	114
62	12
112	62
48	31
28	115
57	96
114	124
79	71
79	71
56	14
3	30
56	46
92	114
31	70
62	30
7	52
99	14
23	13
75	92
57	75
48	24
48	23
101	65
121	104
67	28
26	113
124	12
57	120
30	28
52	104
124	60
13	24
120	35
3	120
3	56
31	75
65	97
114	124
101	15
6	112
35	15
67	26
71	23
121	70
57	6
113	92
115	115
67	115
46	65
13	26
121	56
113	112
71	23
48	101
26	101
96	79
60	81
7	99
92	46
14	30
35	103
79	28
96	121
60	97
81	12
70	104
103	124
114	113
46	7
23	103
12	62
30	124
57	35
52	6
65	96
15	120
12	31
48	14
97	3
56	71
6	70
79	62
31	28
13	121
104	14
56	52
81	7
99	112
101	60
75	15
101	104
24	67
113	62
81	115
48	6
97	12
24	46
71	14
120	103
81	15
67	114
57	79
103	114
120	104
26	12
24	75
71	75
3	97
115	60
23	99
7	92
124	52
35	70
115	99
67	23
24	7
92	101
46	81
60	15
96	30
65	26
6	3
70	62
35	79
121	14
65	13
75	46
92	124
103	3
48	57
112	56
104	30
28	31
120	31
92	28
67	112
113	114
12	96
13	13
121	15
70	28
23	48
70	99
3	12
120	52
31	14
113	79
115	56
26	96
97	60
113	52
65	65
101	115
112	26
103	99
7	6
35	62
30	57
15	81
97	121
70	6
96	7
124	124
52	60
56	30
112	71
96	92
35	12
62	114
79	99
75	13
24	101
48	56
103	60
31	14
104	28
23	24
71	46
23	113
28	96
112	79
62	57
30	101
65	35
114	67
114	71
104	7
120	14
121	57
3	15
67	48
24	103
97	70
6	75
65	121
99	46
46	124
28	120
101	3
57	104
52	13
113	7
97	62
56	23
81	115
120	26
30	70
13	12
103	26
3	52
92	99
92	31
114	101
124	48
15	79
35	71
81	60
14	46
124	31
104	23
121	62
92	81
75	112
60	115
7	120
67	15
15	112
97	60
48	97
48	30
56	57
113	12
75	75
96	124
31	26
35	70
6	24
46	67
115	79
56	121
24	65
26	81
31	30
99	23
81	71
62	62
114	104
24	6
46	114
3	92
99	65
112	75
28	103
6	96
71	103
70	121
14	115
67	14
104	120
35	60
24	67
12	7
6	71
65	112
3	31
13	57
121	57
26	30
96	56
52	124
97	13
101	113
48	52
101	28
71	28
12	62
35	114
81	14
57	97
92	104
31	113
7	15
28	99
35	124
15	23
23	70
46	26
65	48
75	3
113	13
79	79
56	35
52	103
103	13
14	31
115	115
62	124
28	52
30	114
79	60
104	48
120	120
24	79
7	96
99	96
56	99
24	57
62	96
56	6
60	3
67	81
15	70
60	3
97	46
103	81
12	65
104	6
92	92
30	52
7	67
115	114
26	112
12	121
101	101
35	70
7	113
115	67
75	24
31	46
112	71
14	120
96	101
79	121
99	70
92	26
124	6
30	52
75	23
112	75
14	12
121	46
114	35
13	81
92	13
23	28
65	124
104	71
6	112
79	13
120	48
57	60
48	15
67	121
31	26
28	97
113	70
97	62
28	113
12	57
101	30
65	103
24	114
60	15
56	104
112	12
35	26
120	81
65	97
96	23
56	7
14	92
26	23
31	70
46	48
3	115
71	113
13	62
81	15
57	99
99	124
57	71
6	101
48	3
30	103
71	52
120	52
115	114
96	35
115	3
114	96
60	70
67	24
15	7
28	13
30	101
121	24
81	103
56	65
52	75
75	79
60	13
101	75
113	103
23	113
120	104
97	14
31	62
7	46
81	104
6	57
67	23
92	97
48	121
3	67
79	62
92	71
52	75
31	65
120	14
35	24
112	99
31	14
62	57
112	60
6	101
28	56
70	46
12	15
46	79
28	120
13	24
124	124
12	26
124	14
12	3
35	75
113	65
56	115
114	81
104	3
71	99
30	103
96	7
15	26
70	79
7	92
97	124
6	15
104	67
114	28
52	57
97	48
62	24
92	6
35	115
96	46
23	112
52	26
96	114
12	12
7	113
79	67
101	30
121	115
112	121
30	60
65	71
71	103
124	115
113	81
112	31
15	6
99	120
56	13
62	48
31	3
23	70
104	46
121	14
7	52
70	28
46	104
30	60
12	23
99	57
3	56
7	121
15	48
35	114
56	97
35	52
26	24
81	103
65	79
13	67
96	26
115	48
62	120
60	75
3	13
99	6
96	112
60	75
28	46
14	113
99	103
121	48
65	30
92	56
31	75
120	97
31	104
70	24
124	57
67	92
15	26
56	67
97	115
92	120
12	62
101	101
124	103
81	114
113	114
24	71
96	70
99	57
113	112
65	28
71	23
103	13
14	35
7	101
115	23
6	121
120	35
79	104
60	62
30	28
97	30
12	97
13	46
57	81
48	124
79	52
7	3
92	14
46	12
24	103
23	65
71	70
15	67
13	3
65	7
104	30
26	26
112	99
31	52
71	14
81	67
62	35
24	15
114	6
3	31
56	120
81	75
60	97
31	75
104	35
101	96
28	79
99	121
12	62
113	124
103	6
26	52
7	114
30	79
115	70
52	96
26	70
15	96
65	60
15	14
24	12
112	46
57	56
57	48
23	28
101	23
79	6
81	62
71	28
71	75
121	67
3	115
13	48
101	92
57	112
46	65
92	113
67	99
113	120
7	15
99	114
92	121
81	75
124	23
104	120
62	112
56	30
101	31
103	114
103	14
31	23
75	52
12	113
124	35
115	28
6	79
120	52
96	13
65	104
97	26
15	13
60	60
67	103
12	97
115	14
30	114
96	124
92	75
70	48
35	121
6	70
112	56
24	71
52	48
104	26
30	121
97	65
79	113
101	62
67	6
79	48
14	3
24	31
112	92
7	24
3	46
7	60
56	57
57	81
120	71
28	3
7	99
62	65
46	15
103	31
23	35
124	81
52	71
46	14
35	92
115	70
23	28
101	96
124	75
13	114
13	60
104	48
60	96
26	113
121	70
115	99
56	97
46	101
30	3
35	114
103	75
26	14
115	101
121	6
48	112
79	31
57	12
26	112
13	96
97	57
24	30
71	113
24	62
3	48
99	81
56	52
12	23
56	121
104	112
104	28
97	67
67	7
6	120
31	62
120	15
124	70
79	7
79	75
121	75
35	30
15	92
99	62
99	101
13	48
67	46
70	14
12	26
96	6
65	60
71	81
103	57
71	14
65	67
52	23
3	124
14	65
56	120
70	23
113	101
97	113
103	92
28	24
115	81
120	114
124	26
57	99
35	81
13	46
7	28
7	15
52	6
6	96
48	115
114	31
104	113
103	24
124	46
52	28
79	67
12	97
115	112
57	120
62	65
101	35
12	121
121	97
70	113
104	75
81	96
92	71
30	60
30	60
15	23
67	30
24	15
13	99
104	112
48	101
6	92
14	24
3	56
14	114
71	75
3	52
31	97
75	79
115	60
57	12
62	46
23	7
112	81
70	99
103	65
104	114
81	114
103	52
92	67
31	26
56	48
28	121
99	26
120	30
31	60
120	114
35	97
7	35
56	124
57	56
115	65
3	28
48	7
101	62
52	62
113	79
96	13
113	124
70	67
112	23
3	6
6	101
75	99
28	57
46	71
121	71
15	26
115	79
13	65
92	81
24	96
46	15
103	97
12	14
48	13
96	112
12	31
30	112
12	121
79	67
101	103
30	62
28	24
3	75
60	114
24	104
99	62
60	26
26	75
46	60
35	65
57	35
13	15
23	52
14	70
120	124
48	46
56	6
115	31
124	7
71	52
121	104
6	120
24	115
71	97
112	14
113	81
57	92
56	28
79	67
15	14
65	13
97	113
7	26
99	120
92	12
70	104
92	124
75	112
70	103
114	6
48	15
101	23
23	96
24	70
46	56
114	30
23	92
75	114
103	67
121	81
99	96
96	101
31	35
103	81
3	46
101	3
31	113
60	28
31	35
120	6
3	71
30	124
79	15
65	7
12	57
79	124
57	96
104	62
79	52
92	3
7	121
48	99
35	14
62	115
103	121
114	65
97	104
30	28
113	14
104	52
26	124
113	13
97	23
115	112
67	31
23	60
12	79
26	56
56	24
70	15
28	62
115	52
15	96
67	104
101	114
70	112
3	12
62	60
124	60
13	81
24	120
13	121
56	23
14	97
6	30
30	81
65	70
120	71
7	115
75	7
71	12
75	26
79	97
60	26
103	52
56	65
46	92
12	71
113	104
13	92
67	24
75	57
65	46
99	31
57	35
15	115
48	48
92	99
113	52
13	112
96	6
79	35
121	7
99	81
112	62
96	15
103	97
14	57
65	14
30	24
31	114
3	120
28	101
81	46
28	103
23	67
30	120
48	112
52	114
35	26
124	104
121	6
81	46
124	24
67	75
12	79
115	101
62	70
3	35
14	23
71	71
46	124
15	104
3	113
101	65
115	113
13	57
103	75
70	120
6	31
97	121
62	31
92	28
28	56
26	121
46	26
56	6
30	104
57	96
35	79
14	13
24	101
48	60
62	114
70	75
30	114
28	57
48	12
35	6
81	65
79	12
71	13
99	112
60	7
56	52
14	48
124	101
104	52
120	113
75	99
92	115
3	97
7	67
60	121
71	97
101	3
96	103
15	31
71	23
79	23
12	56
23	62
67	70
7	124
15	112
65	92
31	99
57	120
103	120
114	81
113	81
28	113
104	92
60	48
70	6
103	26
124	48
97	15
24	30
121	112
35	52
24	96
71	92
46	14
75	7
65	28
114	12
7	57
81	15
46	31
115	3
26	13
120	30
96	35
60	99
79	112
101	96
3	67
13	113
35	31
56	71
124	99
115	67
60	57
52	112
6	70
3	52
99	67
15	70
23	103
14	56
28	26
14	121
115	48
12	114
101	104
7	23
48	46
24	13
71	114
6	79
75	75
120	79
97	65
67	24
124	104
30	96
115	13
99	65
101	12
26	112
81	113
6	7
62	92
28	62
62	57
121	13
120	31
15	96
30	46
14	75
65	28
26	104
113	7
92	35
52	31
112	121
103	103
23	15
56	52
99	35
60	12
12	56
75	103
48	81
97	23
81	114
62	31
46	101
97	115
92	65
71	114
62	24
3	112
23	97
124	13
14	3
120	24
57	6
24	71
14	26
35	56
7	60
60	70
113	103
30	96
56	67
48	60
120	28
62	3
67	92
99	13
6	46
121	15
104	26
70	79
46	35
101	81
104	52
12	14
101	48
65	56
30	115
124	28
81	114
6	62
97	24
96	70
124	31
7	7
101	124
28	97
113	103
75	57
81	57
121	48
30	92
114	46
99	35
23	67
65	96
75	12
31	24
121	71
15	14
112	120
70	79
115	13
71	60
13	60
12	31
46	121
56	99
3	104
26	52
113	79
26	67
104	24
28	115
3	23
79	67
35	120
113	62
70	92
120	57
7	15
48	112
3	79
23	56
121	62
81	52
104	92
15	96
115	103
30	99
52	96
65	71
97	75
67	30
14	26
30	103
12	70
35	112
79	75
97	113
114	14
46	114
57	6
71	60
46	120
7	7
101	13
35	6
121	75
92	65
52	124
70	24
99	26
23	115
114	28
62	103
71	13
48	57
3	48
26	57
31	120
115	124
97	79
3	12
52	75
96	67
101	81
65	101
56	30
12	31
112	35
6	15
60	124
104	113
23	112
60	14
81	24
62	13
96	114
70	28
99	24
23	92
70	14
113	75
104	120
104	92
15	48
46	115
15	28
71	28
112	56
103	79
97	99
65	7
71	101
6	112
31	67
57	52
6	121
60	14
3	96
31	48
15	96
120	101
30	35
81	124
26	114
67	97
46	70
24	65
62	121
52	56
115	99
62	13
79	112
7	30
48	81
124	121
103	35
12	23
56	6
6	52
57	26
113	114
92	7
12	113
3	56
103	75
104	114
97	57
97	31
71	65
46	92
124	65
104	96
124	28
62	23
28	67
79	81
101	24
3	60
14	48
121	26
13	70
23	115
46	120
75	6
103	113
13	57
101	97
31	114
112	71
70	81
75	121
60	7
92	62
15	52
7	12
120	30
23	60
120	12
3	14
35	56
30	99
96	79
104	115
79	67
52	121
124	81
99	24
24	15
35	113
56	3
15	26
65	31
75	30
103	6
26	48
48	124
35	81
6	65
104	115
99	12
113	57
57	13
24	26
14	28
115	62
56	99
28	101
114	104
15	13
101	112
14	35
62	12
70	60
13	112
52	31
92	7
60	67
67	52
114	120
75	57
96	23
31	97
46	115
75	46
96	114
7	56
79	81
121	46
67	103
101	14
70	65
96	6
124	12
70	120
13	65
62	23
30	112
24	30
26	97
48	121
24	92
99	92
113	103
71	3
75	71
79	97
46	7
71	35
70	121
71	6
60	7
62	92
57	67
56	99
28	60
96	48
28	101
113	6
15	3
67	28
57	71
115	101
92	15
23	13
114	115
113	104
114	24
97	75
121	104
103	35
14	26
3	31
52	120
12	79
112	124
103	81
30	48
13	120
113	26
46	97
92	46
112	56
96	112
3	23
79	28
70	71
30	48
62	23
30	65
120	97
15	115
12	62
99	101
124	124
67	13
57	14
114	96
57	12
99	112
26	28
52	81
60	65
92	52
124	14
79	65
56	3
75	70
14	60
67	99
31	101
46	31
56	79
26	3
104	24
6	103
120	81
31	7
13	103
15	71
121	48
124	7
6	114
62	65
24	113
112	31
35	115
56	35
115	48
14	62
103	97
70	52
23	15
28	104
71	81
46	30
81	7
70	113
28	46
15	48
12	103
31	30
104	99
26	35
23	57
13	7
92	6
52	96
121	60
12	67
14	23
104	97
96	24
121	62
113	3
57	71
35	79
101	120
26	60
114	92
13	120
46	96
24	124
71	60
48	113
56	52
35	3
112	28
112	114
62	114
30	103
75	115
97	75
12	104
104	75
81	60
79	65
67	31
6	15
81	99
92	48
115	124
7	121
101	70
113	65
52	120
57	79
14	57
12	97
23	46
30	121
103	75
13	15
65	6
101	81
28	67
71	99
67	24
75	103
121	15
101	26
62	46
70	3
6	115
7	104
56	23
96	14
3	30
92	52
56	112
113	24
62	24
99	112
96	35
96	92
99	97
28	75
67	7
70	57
23	6
60	81
121	35
12	65
26	114
48	71
52	124
57	70
56	113
52	114
48	67
28	23
35	7
30	71
79	79
13	15
60	97
124	65
30	115
14	3
120	120
120	113
24	57
6	26
31	31
46	124
52	124
48	14
12	96
15	112
101	121
14	101
103	115
112	31
28	120
79	114
103	75
15	114
104	92
99	115
6	46
70	101
13	81
104	97
35	46
92	56
12	60
65	24
52	60
99	23
62	7
35	3
113	101
62	31
112	92
124	56
7	30
26	120
26	71
13	97
3	28
75	79
79	121
14	35
81	96
99	31
30	24
12	15
48	6
70	67
13	57
71	46
65	104
81	23
14	65
103	28
60	97
103	115
26	56
6	12
112	30
121	56
96	113
24	13
3	124
75	7
23	48
67	70
15	115
67	52
46	112
121	120
13	7
35	113
71	31
62	92
104	114
57	79
96	81
71	48
75	96
99	65
70	101
31	124
7	70
81	120
6	15
104	12
103	56
12	75
97	71
97	26
101	23
112	103
52	115
60	30
28	3
114	62
62	62
115	26
26	79
13	15
99	92
67	46
81	23
114	28
124	56
14	35
57	114
99	3
103	46
31	120
121	48
57	24
24	101
48	81
75	115
14	52
60	65
104	96
120	101
70	30
79	113
67	121
57	7
92	24
56	60
23	31
13	35
6	12
62	65
124	3
113	28
3	104
99	52
92	112
14	48
71	114
121	30
113	60
28	23
99	30
35	24
65	13
6	124
15	101
115	104
97	70
46	67
81	52
12	79
96	71
97	26
7	57
6	103
28	46
67	3
31	31
71	79
60	124
112	62
75	120
112	96
57	56
15	30
23	7
52	26
104	13
97	35
67	6
92	92
35	13
56	113
114	121
113	70
99	124
3	75
26	120
115	103
79	48
30	70
48	104
99	70
28	67
121	24
7	52
114	60
31	6
14	14
101	35
79	103
15	96
101	12
97	57
124	57
14	115
56	48
75	112
65	81
71	12
13	96
14	71
46	23
120	81
3	120
121	24
112	97
26	81
65	92
103	92
7	31
79	12
75	28
121	24
104	97
62	62
104	52
12	112
113	31
62	23
103	6
115	48
114	30
56	46
15	67
7	65
52	57
99	30
75	3
15	65
60	3
48	60
26	70
62	46
35	92
24	113
99	71
67	12
28	26
96	13
31	70
60	81
124	113
79	6
67	28
120	23
7	15
46	75
81	13
114	79
46	114
124	97
24	96
115	112
113	96
120	70
35	3
101	101
97	52
112	35
92	31
52	71
104	30
26	23
28	115
65	62
14	103
103	114
96	26
104	13
3	14
48	124
121	57
6	101
6	99
35	57
99	115
81	31
30	12
60	79
60	14
70	23
120	71
113	101
56	65
96	56
23	97
112	81
56	67
101	99
30	79
28	6
15	114
7	15
121	75
7	48
31	48
103	124
113	75
115	14
120	71
24	92
13	57
12	104
92	52
6	115
67	60
35	15
70	65
67	24
103	114
97	101
62	62
99	60
57	121
26	81
35	121
75	56
71	124
12	30
14	92
79	52
120	104
56	23
24	13
62	15
7	46
46	28
3	70
114	46
31	121
26	65
48	57
120	13
75	67
121	65
79	15
81	23
112	113
56	3
92	24
30	52
71	124
104	101
70	115
14	62
96	6
3	114
23	71
75	31
96	7
92	14
65	112
28	35
7	99
97	26
112	12
48	121
35	12
67	104
97	103
46	7
103	26
99	71
103	60
79	6
104	57
60	13
81	115
12	28
62	31
46	120
48	112
120	57
52	26
12	52
70	114
124	24
6	30
96	81
96	3
99	28
114	23
67	103
97	65
115	101
7	70
48	124
56	75
115	101
6	67
121	57
13	113
24	79
28	35
30	71
26	113
92	104
79	75
113	15
14	60
113	15
62	57
14	56
97	28
124	23
97	120
114	6
15	112
3	13
79	13
92	48
24	7
35	75
56	121
23	124
12	30
3	46
112	14
115	120
65	96
104	30
52	103
31	60
101	62
81	70
101	31
7	112
124	62
15	121
114	92
56	24
26	75
60	46
104	71
52	28
57	65
26	71
14	114
13	103
52	70
99	75
23	101
67	97
57	99
13	97
67	7
121	65
35	120
46	3
81	62
81	6
79	92
113	96
30	65
30	31
96	56
71	99
3	104
14	81
24	46
35	70
6	67
96	79
113	75
60	114
15	56
70	92
48	35
121	99
28	23
112	15
48	115
81	23
101	60
26	31
12	12
56	26
24	124
52	7
14	48
103	46
7	103
104	104
65	113
120	62
79	115
62	31
112	13
52	92
3	12
115	12
97	71
121	124
113	67
124	31
101	79
71	114
65	120
24	28
92	97
3	30
70	67
57	6
56	101
13	75
23	52
7	70
60	48
115	99
97	24
57	104
124	48
26	114
120	15
79	15
112	62
35	6
60	30
114	112
14	120
103	46
56	35
67	57
12	103
96	81
121	28
97	14
65	23
31	75
52	99
28	13
112	31
70	15
3	71
104	46
6	115
99	62
6	52
57	96
35	103
3	60
12	92
81	48
96	113
92	26
14	104
30	13
35	26
124	75
30	24
23	28
120	71
28	121
62	52
114	99
71	75
112	30
7	67
113	101
15	103
46	81
96	79
114	7
48	92
121	60
70	115
124	24
62	101
113	24
46	56
79	75
7	121
113	104
101	65
115	31
65	35
24	115
31	13
15	81
97	3
92	65
103	60
13	26
48	70
101	46
99	67
23	120
56	6
14	71
3	57
28	62
103	67
124	75
13	57
56	97
30	57
104	70
24	30
28	14
46	101
15	60
12	114
3	12
26	65
52	121
99	81
6	7
23	113
12	48
56	15
124	67
7	6
112	103
97	96
79	115
112	112
30	115
23	79
113	48
120	35
70	35
96	120
12	52
81	57
62	60
31	71
56	96
96	28
121	60
92	104
75	3
26	52
6	97
104	71
14	113
114	70
65	26
48	121
120	79
97	62
124	71
67	65
23	13
57	92
31	15
3	12
75	31
103	28
96	124
101	7
46	99
23	114
46	56
3	57
14	97
101	6
24	48
112	14
114	67
104	31
67	112
75	81
121	12
70	81
24	30
28	23
35	60
113	99
13	52
79	62
92	120
115	26
62	81
46	103
99	65
92	104
30	48
113	26
99	12
6	101
60	52
114	121
3	24
81	101
120	31
97	35
103	124
46	13
71	65
56	70
121	13
7	79
26	35
6	30
70	24
92	60
79	112
113	35
15	23
23	15
31	30
28	62
96	75
48	7
120	52
46	56
3	97
14	96
57	115
12	71
121	115
70	7
104	65
15	124
60	115
104	71
96	48
57	15
26	97
112	57
113	124
28	6
101	92
67	99
75	14
112	79
67	23
70	14
103	7
96	75
92	101
114	120
26	14
81	6
46	114
62	56
60	120
24	28
103	13
121	75
57	46
81	30
71	48
124	13
31	115
101	24
65	104
52	35
79	99
26	99
15	7
92	124
12	12
65	60
113	114
56	67
14	31
112	103
35	114
28	62
24	71
3	70
23	3
124	62
99	104
97	15
56	52
23	57
113	67
81	48
62	67
3	81
79	115
97	3
28	14
65	112
121	7
35	6
96	101
46	97
115	30
120	104
120	13
31	6
67	31
79	15
46	12
13	101
124	30
6	24
112	115
28	35
113	7
96	56
48	65
75	26
70	52
99	30
12	92
92	79
81	31
57	121
57	99
3	112
103	60
96	13
28	12
7	75
124	121
71	114
35	52
120	15
114	23
52	99
75	62
13	79
101	81
48	70
14	46
67	103
62	24
52	104
71	97
75	114
120	12
23	3
26	15
31	103
112	71
113	30
124	97
24	96
46	13
96	113
65	62
115	60
24	26
104	56
79	71
104	60
14	7
6	57
103	56
23	120
28	67
65	92
99	97
70	121
56	35
35	71
124	120
52	114
7	101
92	31
70	30
46	24
115	3
30	12
81	15
101	103
121	62
7	81
92	56
104	3
13	57
60	26
15	113
35	103
28	14
65	6
112	23
81	14
26	31
114	52
67	99
62	52
30	113
97	46
12	115
6	60
70	120
6	75
28	7
121	24
124	57
75	96
121	113
92	65
30	65
12	97
104	46
48	101
14	48
48	70
99	70
114	26
13	56
14	112
124	96
79	101
114	48
71	3
46	79
35	120
3	67
28	35
101	28
103	60
60	115
15	52
79	23
52	113
30	115
13	67
112	75
6	121
71	57
103	48
56	6
67	15
62	70
99	75
97	56
96	81
92	104
81	23
120	113
99	31
31	7
12	124
13	24
57	96
26	26
101	120
114	112
52	7
28	92
30	124
97	14
15	48
31	104
121	6
46	62
24	57
79	115
48	24
46	121
99	7
70	112
23	60
67	13
23	12
60	6
114	52
81	96
115	65
71	113
65	3
112	70
26	124
62	92
75	103
104	103
46	104
56	65
71	35
92	114
13	121
3	30
97	62
12	75
96	115
57	79
113	35
101	99
15	14
112	97
101	3
28	92
48	56
56	28
75	26
120	52
115	79
71	30
67	57
67	23
3	48
120	99
6	12
14	81
60	79
31	24
71	12
71	7
57	67
81	35
15	124
112	14
23	96
24	113
103	30
6	60
114	101
23	31
75	56
70	97
121	26
65	13
79	35
104	52
75	103
81	7
99	14
31	13
121	60
92	57
124	62
48	70
67	31
65	120
15	28
62	96
65	79
103	56
14	124
15	30
28	3
113	26
113	26
120	57
75	62
114	112
115	12
7	46
71	52
3	24
13	35
6	115
35	97
65	120
70	97
56	70
101	104
15	104
23	7
30	46
12	103
115	52
121	79
81	24
14	6
60	46
28	81
96	48
97	15
71	62
114	67
124	112
101	60
101	75
65	14
24	114
99	31
12	23
104	7
57	121
92	13
46	92
67	71
124	81
103	92
28	103
120	112
3	99
56	24
112	3
35	71
6	96
60	13
113	79
65	28
62	114
48	115
35	52
48	67
6	56
52	24
31	26
60	26
31	92
7	46
104	121
23	97
30	15
113	46
99	14
57	124
75	12
26	70
13	103
101	120
81	96
112	113
65	23
70	96
96	81
24	26
28	104
3	70
101	30
52	14
115	12
114	62
6	99
13	97
35	92
46	3
30	124
120	103
79	79
15	81
115	71
23	57
31	62
75	48
15	67
124	92
23	30
75	96
121	56
114	31
12	28
99	113
101	13
57	7
60	70
13	7
103	31
14	115
112	35
7	114
75	124
48	12
99	62
65	57
60	56
28	101
115	35
121	30
6	46
114	65
120	81
26	67
97	121
79	71
97	24
99	57
104	96
112	104
35	67
3	15
48	52
23	14
65	97
56	60
70	62
31	71
81	52
6	103
79	12
3	28
30	67
113	121
7	113
13	24
6	112
92	75
115	15
13	75
71	57
99	62
26	101
24	48
35	113
92	23
14	65
7	120
81	48
12	3
103	121
71	15
28	6
52	104
67	26
70	60
46	114
60	104
92	35
96	14
120	124
23	99
97	79
30	79
57	46
46	52
56	81
101	96
101	115
70	96
62	48
67	30
114	7
120	113
31	112
14	56
97	71
6	23
31	104
92	46
70	65
103	56
124	75
6	124
24	57
67	24
52	75
12	120
26	3
112	103
28	60
14	12
121	7
121	15
120	75
115	79
52	99
65	92
35	71
112	13
97	114
26	48
62	96
70	3
114	101
31	13
56	28
30	124
121	15
65	97
71	48
104	113
67	31
81	24
60	79
112	62
81	28
104	75
24	56
79	15
14	121
52	3
15	7
62	113
7	104
114	71
113	23
120	124
26	12
30	101
35	92
115	57
13	46
114	115
115	23
92	26
6	70
15	23
79	101
99	57
99	103
99	48
35	57
124	96
46	81
112	62
120	12
48	24
26	31
31	121
124	81
103	101
67	113
13	3
35	56
96	65
30	71
28	14
97	60
104	70
65	52
46	15
6	112
30	12
46	97
13	57
26	56
115	24
103	75
75	96
23	115
60	60
7	79
28	6
13	12
31	112
97	92
121	71
23	120
15	92
99	113
114	28
62	3
35	52
113	3
67	103
48	114
101	67
103	70
121	71
75	97
30	24
48	65
26	112
99	6
96	7
79	81
30	70
60	92
104	14
62	7
124	57
104	14
62	12
101	46
99	6
124	114
60	7
81	97
96	26
52	56
3	31
56	13
120	115
48	104
35	14
35	28
71	114
79	115
24	3
14	120
65	99
75	79
97	24
67	52
113	52
46	65
81	31
13	6
104	120
15	70
65	46
112	13
30	70
7	75
101	124
62	28
103	57
12	23
28	113
60	99
24	112
56	35
121	92
57	67
114	62
30	26
103	92
46	56
15	115
26	23
71	31
121	3
14	7
3	12
124	115
120	70
31	52
28	30
79	75
65	103
35	67
97	60
96	48
52	23
121	99
121	67
60	48
6	104
14	124
12	24
96	120
101	46
6	96
75	65
6	26
113	67
112	15
13	104
101	81
103	23
70	15
75	70
124	24
23	71
120	26
7	52
62	81
14	113
56	101
60	71
56	28
81	65
31	113
57	114
31	48
46	23
62	30
67	57
3	79
13	92
115	114
99	79
97	35
112	12
115	96
114	3
103	26
103	3
81	48
92	6
14	62
124	28
104	12
75	99
97	97
46	115
65	92
35	52
57	121
121	70
99	70
79	30
15	15
75	15
120	23
48	7
24	31
6	104
56	13
12	112
79	52
113	3
26	30
14	35
13	101
101	113
124	30
31	112
57	103
60	96
67	101
70	96
71	62
3	71
15	71
114	121
60	7
62	96
112	26
12	120
124	28
7	24
46	60
13	24
104	23
52	35
112	13
46	48
99	101
57	56
6	14
81	48
31	28
120	92
115	113
114	81
57	12
70	14
79	56
92	65
35	26
81	30
104	121
96	6
79	103
65	7
57	35
104	12
6	65
121	71
115	13
97	75
114	67
96	97
120	101
75	3
46	70
124	24
62	28
52	7
52	23
103	7
12	124
14	115
71	60
3	120
97	15
46	62
6	97
104	24
99	67
48	92
92	99
112	79
120	67
31	124
103	56
23	57
30	35
3	31
114	112
7	114
15	113
48	52
65	14
28	81
71	60
26	101
113	113
12	30
101	28
31	52
124	60
6	26
62	67
115	30
79	13
70	99
92	121
56	96
57	15
121	121
75	103
48	75
81	28
112	71
35	103
24	104
28	81
92	31
115	97
12	56
99	67
60	15
3	79
23	46
115	97
120	67
81	56
120	52
96	3
124	104
13	14
70	26
113	75
114	23
101	35
112	24
65	65
46	124
92	99
31	23
62	30
28	114
96	6
24	12
13	71
48	7
46	57
79	6
48	70
15	56
75	79
57	113
35	26
114	13
97	120
24	62
14	96
71	103
30	99
75	81
3	46
60	104
101	14
112	65
92	101
115	23
104	56
30	81
15	6
70	12
7	121
13	62
103	113
52	124
104	121
62	56
24	60
79	65
13	60
115	46
57	114
12	7
113	121
7	103
6	115
75	15
99	23
48	52
28	97
96	92
112	71
120	14
67	31
35	26
56	48
60	31
35	124
92	7
70	15
26	97
120	103
67	12
52	46
28	62
67	3
99	23
30	114
120	3
14	6
57	104
79	23
70	101
121	101
26	81
97	112
31	124
24	113
71	65
12	121
96	30
96	75
104	101
46	26
79	115
124	75
28	35
57	24
99	3
56	14
35	48
114	120
97	70
13	7
103	112
67	52
65	92
48	31
81	62
57	60
99	14
112	96
6	104
113	62
6	113
101	112
60	52
35	31
114	56
70	3
71	15
92	28
12	103
7	65
13	121
75	97
57	81
62	28
81	52
24	60
67	79
23	46
99	15
15	65
114	71
13	14
104	97
24	124
46	57
23	13
124	65
48	81
114	48
23	6
30	14
52	71
92	35
79	56
120	31
30	26
12	75
70	3
71	96
121	121
65	71
28	70
26	103
104	35
28	67
26	6
3	23
103	31
48	30
7	62
113	75
99	30
67	101
99	81
26	75
12	92
120	57
56	7
113	60
14	3
112	15
115	115
96	124
79	13
92	46
96	103
120	6
114	48
57	56
115	35
101	112
101	121
70	56
97	52
114	115
65	14
62	112
7	62
28	113
24	24
70	31
60	75
13	31
15	30
124	71
121	52
46	26
104	115
97	67
14	97
101	60
13	3
103	112
104	81
67	92
23	79
104	79
71	75
52	30
120	115
121	92
97	67
65	70
24	46
57	28
24	96
26	112
15	81
120	6
6	57
92	120
124	31
12	23
48	7
60	79
12	99
15	56
23	24
35	62
121	99
52	28
3	48
103	62
28	3
113	113
114	124
97	12
101	65
6	114
96	14
35	30
26	7
13	67
104	56
124	46
57	52
15	79
30	12
121	79
31	48
35	99
120	14
71	70
70	7
7	31
114	13
81	81
15	52
23	97
26	46
92	96
120	96
75	57
65	103
113	115
115	112
13	62
3	124
28	71
67	101
35	99
103	48
103	99
35	48
101	7
75	60
79	96
71	60
56	104
15	62
67	23
81	46
24	6
52	60
12	30
30	104
113	99
23	56
92	81
97	92
3	115
12	97
112	114
24	26
113	14
46	3
14	120
71	31
79	6
48	112
124	31
46	121
114	65
28	35
7	12
75	13
65	101
71	120
30	112
15	56
24	67
70	57
56	65
81	121
35	121
6	79
96	52
67	124
62	104
60	115
46	70
12	24
30	70
114	75
104	92
71	124
13	3
26	99
28	113
101	14
112	62
97	15
57	103
6	60
3	28
62	99
113	121
56	26
96	7
103	65
103	60
97	112
67	12
75	101
26	120
114	13
79	92
115	31
13	52
96	79
81	101
23	48
24	75
114	115
15	14
14	104
6	103
71	7
3	96
121	48
99	31
28	113
57	35
23	46
23	97
67	67
120	120
26	79
70	92
75	81
35	104
24	30
115	12
52	60
57	62
24	23
56	75
124	65
114	70
115	46
81	97
60	62
26	104
13	96
48	56
28	71
57	6
13	46
103	23
52	113
121	12
15	101
31	7
57	124
99	92
30	112
3	15
113	65
12	99
124	62
56	121
65	115
3	35
15	7
96	103
46	30
70	79
75	31
124	35
24	28
52	7
28	114
24	70
23	96
26	70
120	6
48	14
92	67
52	104
62	114
120	31
57	12
71	97
101	81
97	26
101	71
60	112
115	112
30	71
24	115
112	3
124	81
60	14
103	67
92	30
99	7
48	113
67	46
52	26
12	48
14	13
57	62
101	65
75	23
75	92
65	101
113	13
35	104
81	79
97	99
104	6
79	115
24	81
57	14
56	28
6	65
96	79
6	15
112	75
97	96
124	92
113	114
71	23
28	120
103	26
70	3
13	121
15	30
14	104
31	62
24	31
113	114
56	57
124	3
35	48
46	67
56	60
103	96
52	101
121	7
12	52
62	48
99	81
13	120
12	6
60	7
23	15
120	31
52	31
97	103
71	7
65	28
124	15
79	114
46	121
99	3
70	57
46	112
70	114
62	3
35	48
75	56
101	60
115	104
97	70
26	67
24	71
35	92
75	46
81	7
14	113
13	67
120	28
13	6
101	24
60	48
112	35
79	15
121	96
56	99
115	103
26	57
92	65
14	124
81	67
112	23
97	56
120	28
7	92
30	30
23	52
30	31
79	6
104	3
115	113
65	12
104	103
124	92
62	35
70	12
115	31
48	14
121	99
6	75
57	81
114	60
46	121
30	52
113	67
24	79
75	70
99	103
113	60
96	101
26	15
28	46
71	71
52	70
14	13
114	104
48	57
15	12
101	120
35	81
92	26
3	62
104	120
103	26
65	30
24	96
28	112
56	14
62	13
46	35
124	79
6	56
112	7
24	124
12	101
31	121
62	121
23	23
97	15
65	65
57	104
121	15
31	26
120	56
