100	0	283	0
100	1	285.4	0
100	2	283.891	0
100	3	283.305	0
100	4	283.17	0
100	5	283.196	0
100	6	283.244	0
100	7	283.267	0
100	8	283.26	0
100	9	283.234	0
100	10	283.2	0
100	11	283.167	0
100	12	283.137	0
100	13	283.112	0
100	14	283.092	0
100	15	283.075	0
100	16	283.062	0
100	17	283.05	0
100	18	283.041	0
100	19	283.033	0
100	20	283.027	0
100	21	283.022	0
100	22	283.017	0
100	23	283.013	0
100	24	283.011	0
100	25	283.008	0
100	26	283.006	0
100	27	283.005	0
100	28	283.004	0
100	29	283.003	0
100	30	283.002	0
100	31	283.001	0
100	32	283.001	0
100	33	283.001	0
100	34	283.001	0
100	35	283	0
100	36	283	0
100	37	283	0
100	38	283	0
100	39	283	0
100	40	283	0
100	41	283	0
100	42	283	0
100	43	283	0
100	44	283	0
100	45	283	0
100	46	283	0
100	47	283	0
100	48	283	0
100	49	283	0
100	50	283	0
100	51	283	0
100	52	283	0
100	53	283	0
100	54	283	0
100	55	283	0
100	56	283	0
100	57	283	0
100	58	283	0
100	59	283	0
100	60	283	0
100	61	283	0
100	62	283	0
100	63	283	0
100	64	283	0
100	65	283	0
100	66	283	0
100	67	283	0
100	68	283	0
100	69	283	0
100	70	283	0
100	71	283	0
100	72	283	0
100	73	283	0
100	74	283	0
100	75	283	0
100	76	283	0
100	77	283	0
100	78	283	0
100	79	283	0
100	80	283	0
100	81	283	0
100	82	283	0
100	83	283	0
100	84	283	0
100	85	283	0
100	86	283	0
100	87	283	0
100	88	283	0
100	89	283	0
100	90	283	0
100	91	283	0
100	92	283	0
100	93	283	0
100	94	283	0
100	95	283	0
100	96	283	0
100	97	283	0
100	98	283	0
100	99	283	0

200	0	283	0
200	1	287.697	0
200	2	286.094	0
200	3	285.008	0
200	4	284.385	0
200	5	284.063	0
200	6	283.898	0
200	7	283.8	0
200	8	283.723	0
200	9	283.648	0
200	10	283.574	0
200	11	283.502	0
200	12	283.434	0
200	13	283.374	0
200	14	283.32	0
200	15	283.273	0
200	16	283.233	0
200	17	283.198	0
200	18	283.168	0
200	19	283.143	0
200	20	283.121	0
200	21	283.102	0
200	22	283.086	0
200	23	283.072	0
200	24	283.06	0
200	25	283.05	0
200	26	283.042	0
200	27	283.035	0
200	28	283.029	0
200	29	283.024	0
200	30	283.02	0
200	31	283.016	0
200	32	283.013	0
200	33	283.011	0
200	34	283.009	0
200	35	283.007	0
200	36	283.006	0
200	37	283.005	0
200	38	283.004	0
200	39	283.003	0
200	40	283.002	0
200	41	283.002	0
200	42	283.002	0
200	43	283.001	0
200	44	283.001	0
200	45	283.001	0
200	46	283.001	0
200	47	283	0
200	48	283	0
200	49	283	0
200	50	283	0
200	51	283	0
200	52	283	0
200	53	283	0
200	54	283	0
200	55	283	0
200	56	283	0
200	57	283	0
200	58	283	0
200	59	283	0
200	60	283	0
200	61	283	0
200	62	283	0
200	63	283	0
200	64	283	0
200	65	283	0
200	66	283	0
200	67	283	0
200	68	283	0
200	69	283	0
200	70	283	0
200	71	283	0
200	72	283	0
200	73	283	0
200	74	283	0
200	75	283	0
200	76	283	0
200	77	283	0
200	78	283	0
200	79	283	0
200	80	283	0
200	81	283	0
200	82	283	0
200	83	283	0
200	84	283	0
200	85	283	0
200	86	283	0
200	87	283	0
200	88	283	0
200	89	283	0
200	90	283	0
200	91	283	0
200	92	283	0
200	93	283	0
200	94	283	0
200	95	283	0
200	96	283	0
200	97	283	0
200	98	283	0
200	99	283	0

300	0	283	0
300	1	287.213	0
300	2	286.923	0
300	3	286.247	0
300	4	285.6	0
300	5	285.11	0
300	6	284.77	0
300	7	284.534	0
300	8	284.36	0
300	9	284.218	0
300	10	284.093	0
300	11	283.979	0
300	12	283.872	0
300	13	283.774	0
300	14	283.685	0
300	15	283.604	0
300	16	283.531	0
300	17	283.466	0
300	18	283.408	0
300	19	283.357	0
300	20	283.312	0
300	21	283.271	0
300	22	283.236	0
300	23	283.204	0
300	24	283.177	0
300	25	283.153	0
300	26	283.132	0
300	27	283.113	0
300	28	283.097	0
300	29	283.083	0
300	30	283.071	0
300	31	283.061	0
300	32	283.052	0
300	33	283.044	0
300	34	283.037	0
300	35	283.031	0
300	36	283.027	0
300	37	283.022	0
300	38	283.019	0
300	39	283.016	0
300	40	283.013	0
300	41	283.011	0
300	42	283.009	0
300	43	283.008	0
300	44	283.006	0
300	45	283.005	0
300	46	283.004	0
300	47	283.004	0
300	48	283.003	0
300	49	283.002	0
300	50	283.002	0
300	51	283.002	0
300	52	283.001	0
300	53	283.001	0
300	54	283.001	0
300	55	283.001	0
300	56	283.001	0
300	57	283	0
300	58	283	0
300	59	283	0
300	60	283	0
300	61	283	0
300	62	283	0
300	63	283	0
300	64	283	0
300	65	283	0
300	66	283	0
300	67	283	0
300	68	283	0
300	69	283	0
300	70	283	0
300	71	283	0
300	72	283	0
300	73	283	0
300	74	283	0
300	75	283	0
300	76	283	0
300	77	283	0
300	78	283	0
300	79	283	0
300	80	283	0
300	81	283	0
300	82	283	0
300	83	283	0
300	84	283	0
300	85	283	0
300	86	283	0
300	87	283	0
300	88	283	0
300	89	283	0
300	90	283	0
300	91	283	0
300	92	283	0
300	93	283	0
300	94	283	0
300	95	283	0
300	96	283	0
300	97	283	0
300	98	283	0
300	99	283	0

400	0	283	0
400	1	285.417	0
400	2	286.468	0
400	3	286.635	0
400	4	286.389	0
400	5	286.016	0
400	6	285.653	0
400	7	285.344	0
400	8	285.091	0
400	9	284.881	0
400	10	284.701	0
400	11	284.54	0
400	12	284.394	0
400	13	284.259	0
400	14	284.135	0
400	15	284.021	0
400	16	283.917	0
400	17	283.822	0
400	18	283.735	0
400	19	283.656	0
400	20	283.585	0
400	21	283.521	0
400	22	283.463	0
400	23	283.41	0
400	24	283.363	0
400	25	283.321	0
400	26	283.283	0
400	27	283.249	0
400	28	283.219	0
400	29	283.193	0
400	30	283.169	0
400	31	283.148	0
400	32	283.129	0
400	33	283.112	0
400	34	283.098	0
400	35	283.085	0
400	36	283.074	0
400	37	283.064	0
400	38	283.055	0
400	39	283.047	0
400	40	283.041	0
400	41	283.035	0
400	42	283.03	0
400	43	283.026	0
400	44	283.022	0
400	45	283.019	0
400	46	283.016	0
400	47	283.014	0
400	48	283.012	0
400	49	283.01	0
400	50	283.008	0
400	51	283.007	0
400	52	283.006	0
400	53	283.005	0
400	54	283.004	0
400	55	283.004	0
400	56	283.003	0
400	57	283.002	0
400	58	283.002	0
400	59	283.002	0
400	60	283.001	0
400	61	283.001	0
400	62	283.001	0
400	63	283.001	0
400	64	283.001	0
400	65	283.001	0
400	66	283	0
400	67	283	0
400	68	283	0
400	69	283	0
400	70	283	0
400	71	283	0
400	72	283	0
400	73	283	0
400	74	283	0
400	75	283	0
400	76	283	0
400	77	283	0
400	78	283	0
400	79	283	0
400	80	283	0
400	81	283	0
400	82	283	0
400	83	283	0
400	84	283	0
400	85	283	0
400	86	283	0
400	87	283	0
400	88	283	0
400	89	283	0
400	90	283	0
400	91	283	0
400	92	283	0
400	93	283	0
400	94	283	0
400	95	283	0
400	96	283	0
400	97	283	0
400	98	283	0
400	99	283	0

500	0	283	0
500	1	285.093	0
500	2	286.122	0
500	3	286.674	0
500	4	286.803	0
500	5	286.669	0
500	6	286.412	0
500	7	286.121	0
500	8	285.841	0
500	9	285.587	0
500	10	285.36	0
500	11	285.156	0
500	12	284.971	0
500	13	284.801	0
500	14	284.644	0
500	15	284.498	0
500	16	284.363	0
500	17	284.239	0
500	18	284.124	0
500	19	284.019	0
500	20	283.922	0
500	21	283.833	0
500	22	283.751	0
500	23	283.677	0
500	24	283.609	0
500	25	283.547	0
500	26	283.491	0
500	27	283.439	0
500	28	283.393	0
500	29	283.351	0
500	30	283.313	0
500	31	283.279	0
500	32	283.248	0
500	33	283.22	0
500	34	283.195	0
500	35	283.173	0
500	36	283.153	0
500	37	283.135	0
500	38	283.119	0
500	39	283.105	0
500	40	283.092	0
500	41	283.081	0
500	42	283.071	0
500	43	283.062	0
500	44	283.054	0
500	45	283.047	0
500	46	283.041	0
500	47	283.036	0
500	48	283.031	0
500	49	283.027	0
500	50	283.023	0
500	51	283.02	0
500	52	283.017	0
500	53	283.015	0
500	54	283.013	0
500	55	283.011	0
500	56	283.009	0
500	57	283.008	0
500	58	283.007	0
500	59	283.006	0
500	60	283.005	0
500	61	283.004	0
500	62	283.004	0
500	63	283.003	0
500	64	283.003	0
500	65	283.002	0
500	66	283.002	0
500	67	283.002	0
500	68	283.001	0
500	69	283.001	0
500	70	283.001	0
500	71	283.001	0
500	72	283.001	0
500	73	283.001	0
500	74	283	0
500	75	283	0
500	76	283	0
500	77	283	0
500	78	283	0
500	79	283	0
500	80	283	0
500	81	283	0
500	82	283	0
500	83	283	0
500	84	283	0
500	85	283	0
500	86	283	0
500	87	283	0
500	88	283	0
500	89	283	0
500	90	283	0
500	91	283	0
500	92	283	0
500	93	283	0
500	94	283	0
500	95	283	0
500	96	283	0
500	97	283	0
500	98	283	0
500	99	283	0

600	0	283	0
600	1	287.541	0
600	2	287.168	0
600	3	287.222	0
600	4	287.287	0
600	5	287.233	0
600	6	287.066	0
600	7	286.828	0
600	8	286.562	0
600	9	286.295	0
600	10	286.04	0
600	11	285.803	0
600	12	285.583	0
600	13	285.38	0
600	14	285.192	0
600	15	285.017	0
600	16	284.853	0
600	17	284.701	0
600	18	284.56	0
600	19	284.428	0
600	20	284.306	0
600	21	284.193	0
600	22	284.089	0
600	23	283.992	0
600	24	283.903	0
600	25	283.821	0
600	26	283.745	0
600	27	283.676	0
600	28	283.612	0
600	29	283.554	0
600	30	283.5	0
600	31	283.452	0
600	32	283.407	0
600	33	283.366	0
600	34	283.329	0
600	35	283.296	0
600	36	283.265	0
600	37	283.237	0
600	38	283.212	0
600	39	283.19	0
600	40	283.169	0
600	41	283.151	0
600	42	283.134	0
600	43	283.119	0
600	44	283.106	0
600	45	283.094	0
600	46	283.083	0
600	47	283.073	0
600	48	283.065	0
600	49	283.057	0
600	50	283.05	0
600	51	283.044	0
600	52	283.039	0
600	53	283.034	0
600	54	283.03	0
600	55	283.026	0
600	56	283.023	0
600	57	283.02	0
600	58	283.017	0
600	59	283.015	0
600	60	283.013	0
600	61	283.011	0
600	62	283.01	0
600	63	283.009	0
600	64	283.007	0
600	65	283.006	0
600	66	283.006	0
600	67	283.005	0
600	68	283.004	0
600	69	283.004	0
600	70	283.003	0
600	71	283.003	0
600	72	283.002	0
600	73	283.002	0
600	74	283.002	0
600	75	283.001	0
600	76	283.001	0
600	77	283.001	0
600	78	283.001	0
600	79	283.001	0
600	80	283.001	0
600	81	283.001	0
600	82	283	0
600	83	283	0
600	84	283	0
600	85	283	0
600	86	283	0
600	87	283	0
600	88	283	0
600	89	283	0
600	90	283	0
600	91	283	0
600	92	283	0
600	93	283	0
600	94	283	0
600	95	283	0
600	96	283	0
600	97	283	0
600	98	283	0
600	99	283	0

700	0	283	0
700	1	291.269	0
700	2	289.483	0
700	3	288.621	0
700	4	288.213	0
700	5	287.969	0
700	6	287.751	0
700	7	287.515	0
700	8	287.256	0
700	9	286.987	0
700	10	286.718	0
700	11	286.459	0
700	12	286.214	0
700	13	285.983	0
700	14	285.766	0
700	15	285.563	0
700	16	285.373	0
700	17	285.196	0
700	18	285.029	0
700	19	284.873	0
700	20	284.727	0
700	21	284.591	0
700	22	284.464	0
700	23	284.346	0
700	24	284.236	0
700	25	284.134	0
700	26	284.039	0
700	27	283.952	0
700	28	283.87	0
700	29	283.795	0
700	30	283.725	0
700	31	283.661	0
700	32	283.602	0
700	33	283.547	0
700	34	283.497	0
700	35	283.451	0
700	36	283.409	0
700	37	283.371	0
700	38	283.335	0
700	39	283.303	0
700	40	283.273	0
700	41	283.246	0
700	42	283.222	0
700	43	283.2	0
700	44	283.179	0
700	45	283.161	0
700	46	283.144	0
700	47	283.129	0
700	48	283.116	0
700	49	283.103	0
700	50	283.092	0
700	51	283.082	0
700	52	283.073	0
700	53	283.065	0
700	54	283.058	0
700	55	283.051	0
700	56	283.045	0
700	57	283.04	0
700	58	283.036	0
700	59	283.031	0
700	60	283.028	0
700	61	283.024	0
700	62	283.021	0
700	63	283.019	0
700	64	283.017	0
700	65	283.015	0
700	66	283.013	0
700	67	283.011	0
700	68	283.01	0
700	69	283.008	0
700	70	283.007	0
700	71	283.006	0
700	72	283.006	0
700	73	283.005	0
700	74	283.004	0
700	75	283.004	0
700	76	283.003	0
700	77	283.003	0
700	78	283.002	0
700	79	283.002	0
700	80	283.002	0
700	81	283.002	0
700	82	283.001	0
700	83	283.001	0
700	84	283.001	0
700	85	283.001	0
700	86	283.001	0
700	87	283.001	0
700	88	283.001	0
700	89	283	0
700	90	283	0
700	91	283	0
700	92	283	0
700	93	283	0
700	94	283	0
700	95	283	0
700	96	283	0
700	97	283	0
700	98	283	0
700	99	283	0

800	0	283	0
800	1	293.478	0
800	2	291.654	0
800	3	290.346	0
800	4	289.501	0
800	5	288.957	0
800	6	288.572	0
800	7	288.255	0
800	8	287.961	0
800	9	287.674	0
800	10	287.391	0
800	11	287.115	0
800	12	286.85	0
800	13	286.596	0
800	14	286.355	0
800	15	286.128	0
800	16	285.914	0
800	17	285.712	0
800	18	285.522	0
800	19	285.344	0
800	20	285.176	0
800	21	285.018	0
800	22	284.87	0
800	23	284.731	0
800	24	284.601	0
800	25	284.479	0
800	26	284.365	0
800	27	284.259	0
800	28	284.16	0
800	29	284.068	0
800	30	283.982	0
800	31	283.903	0
800	32	283.829	0
800	33	283.76	0
800	34	283.696	0
800	35	283.637	0
800	36	283.583	0
800	37	283.532	0
800	38	283.486	0
800	39	283.443	0
800	40	283.403	0
800	41	283.367	0
800	42	283.333	0
800	43	283.303	0
800	44	283.275	0
800	45	283.249	0
800	46	283.225	0
800	47	283.204	0
800	48	283.184	0
800	49	283.166	0
800	50	283.15	0
800	51	283.135	0
800	52	283.122	0
800	53	283.109	0
800	54	283.098	0
800	55	283.088	0
800	56	283.079	0
800	57	283.071	0
800	58	283.063	0
800	59	283.056	0
800	60	283.05	0
800	61	283.045	0
800	62	283.04	0
800	63	283.036	0
800	64	283.032	0
800	65	283.028	0
800	66	283.025	0
800	67	283.022	0
800	68	283.02	0
800	69	283.017	0
800	70	283.015	0
800	71	283.013	0
800	72	283.012	0
800	73	283.01	0
800	74	283.009	0
800	75	283.008	0
800	76	283.007	0
800	77	283.006	0
800	78	283.005	0
800	79	283.005	0
800	80	283.004	0
800	81	283.004	0
800	82	283.003	0
800	83	283.003	0
800	84	283.002	0
800	85	283.002	0
800	86	283.002	0
800	87	283.002	0
800	88	283.001	0
800	89	283.001	0
800	90	283.001	0
800	91	283.001	0
800	92	283.001	0
800	93	283.001	0
800	94	283	0
800	95	283	0
800	96	283	0
800	97	283	0
800	98	283	0
800	99	283	0

900	0	283	0
900	1	292.856	0
900	2	292.385	0
900	3	291.525	0
900	4	290.692	0
900	5	290.015	0
900	6	289.486	0
900	7	289.063	0
900	8	288.702	0
900	9	288.375	0
900	10	288.066	0
900	11	287.77	0
900	12	287.485	0
900	13	287.212	0
900	14	286.951	0
900	15	286.702	0
900	16	286.467	0
900	17	286.243	0
900	18	286.032	0
900	19	285.832	0
900	20	285.643	0
900	21	285.465	0
900	22	285.297	0
900	23	285.139	0
900	24	284.989	0
900	25	284.849	0
900	26	284.717	0
900	27	284.594	0
900	28	284.477	0
900	29	284.369	0
900	30	284.267	0
900	31	284.171	0
900	32	284.082	0
900	33	283.999	0
900	34	283.922	0
900	35	283.849	0
900	36	283.782	0
900	37	283.72	0
900	38	283.661	0
900	39	283.607	0
900	40	283.557	0
900	41	283.511	0
900	42	283.468	0
900	43	283.428	0
900	44	283.392	0
900	45	283.358	0
900	46	283.326	0
900	47	283.298	0
900	48	283.271	0
900	49	283.247	0
900	50	283.225	0
900	51	283.204	0
900	52	283.185	0
900	53	283.168	0
900	54	283.152	0
900	55	283.138	0
900	56	283.125	0
900	57	283.113	0
900	58	283.102	0
900	59	283.092	0
900	60	283.083	0
900	61	283.074	0
900	62	283.067	0
900	63	283.06	0
900	64	283.054	0
900	65	283.048	0
900	66	283.043	0
900	67	283.039	0
900	68	283.035	0
900	69	283.031	0
900	70	283.028	0
900	71	283.025	0
900	72	283.022	0
900	73	283.02	0
900	74	283.017	0
900	75	283.015	0
900	76	283.014	0
900	77	283.012	0
900	78	283.011	0
900	79	283.01	0
900	80	283.008	0
900	81	283.007	0
900	82	283.007	0
900	83	283.006	0
900	84	283.005	0
900	85	283.004	0
900	86	283.004	0
900	87	283.003	0
900	88	283.003	0
900	89	283.003	0
900	90	283.002	0
900	91	283.002	0
900	92	283.002	0
900	93	283.001	0
900	94	283.001	0
900	95	283.001	0
900	96	283.001	0
900	97	283	0
900	98	283	0
900	99	283	0

1000	0	283	0
1000	1	290.887	0
1000	2	291.788	0
1000	3	291.801	0
1000	4	291.399	0
1000	5	290.868	0
1000	6	290.344	0
1000	7	289.874	0
1000	8	289.459	0
1000	9	289.087	0
1000	10	288.745	0
1000	11	288.424	0
1000	12	288.118	0
1000	13	287.826	0
1000	14	287.546	0
1000	15	287.279	0
1000	16	287.024	0
1000	17	286.781	0
1000	18	286.551	0
1000	19	286.332	0
1000	20	286.124	0
1000	21	285.927	0
1000	22	285.74	0
1000	23	285.563	0
1000	24	285.396	0
1000	25	285.238	0
1000	26	285.089	0
1000	27	284.948	0
1000	28	284.816	0
1000	29	284.691	0
1000	30	284.573	0
1000	31	284.463	0
1000	32	284.359	0
1000	33	284.262	0
1000	34	284.17	0
1000	35	284.085	0
1000	36	284.005	0
1000	37	283.93	0
1000	38	283.86	0
1000	39	283.795	0
1000	40	283.734	0
1000	41	283.677	0
1000	42	283.624	0
1000	43	283.574	0
1000	44	283.529	0
1000	45	283.486	0
1000	46	283.447	0
1000	47	283.41	0
1000	48	283.376	0
1000	49	283.345	0
1000	50	283.316	0
1000	51	283.289	0
1000	52	283.264	0
1000	53	283.241	0
1000	54	283.22	0
1000	55	283.201	0
1000	56	283.183	0
1000	57	283.167	0
1000	58	283.152	0
1000	59	283.138	0
1000	60	283.125	0
1000	61	283.114	0
1000	62	283.103	0
1000	63	283.093	0
1000	64	283.084	0
1000	65	283.076	0
1000	66	283.069	0
1000	67	283.062	0
1000	68	283.056	0
1000	69	283.051	0
1000	70	283.046	0
1000	71	283.041	0
1000	72	283.037	0
1000	73	283.033	0
1000	74	283.03	0
1000	75	283.027	0
1000	76	283.024	0
1000	77	283.021	0
1000	78	283.019	0
1000	79	283.017	0
1000	80	283.015	0
1000	81	283.014	0
1000	82	283.012	0
1000	83	283.011	0
1000	84	283.009	0
1000	85	283.008	0
1000	86	283.007	0
1000	87	283.006	0
1000	88	283.006	0
1000	89	283.005	0
1000	90	283.004	0
1000	91	283.004	0
1000	92	283.003	0
1000	93	283.003	0
1000	94	283.002	0
1000	95	283.002	0
1000	96	283.001	0
1000	97	283.001	0
1000	98	283	0
1000	99	283	0

1100	0	283	0
1100	1	290.356	0
1100	2	291.263	0
1100	3	291.689	0
1100	4	291.689	0
1100	5	291.421	0
1100	6	291.028	0
1100	7	290.6	0
1100	8	290.181	0
1100	9	289.786	0
1100	10	289.417	0
1100	11	289.072	0
1100	12	288.745	0
1100	13	288.434	0
1100	14	288.137	0
1100	15	287.852	0
1100	16	287.581	0
1100	17	287.321	0
1100	18	287.073	0
1100	19	286.836	0
1100	20	286.611	0
1100	21	286.397	0
1100	22	286.193	0
1100	23	285.999	0
1100	24	285.816	0
1100	25	285.641	0
1100	26	285.476	0
1100	27	285.319	0
1100	28	285.171	0
1100	29	285.031	0
1100	30	284.898	0
1100	31	284.773	0
1100	32	284.655	0
1100	33	284.544	0
1100	34	284.439	0
1100	35	284.34	0
1100	36	284.247	0
1100	37	284.16	0
1100	38	284.078	0
1100	39	284.001	0
1100	40	283.929	0
1100	41	283.862	0
1100	42	283.799	0
1100	43	283.74	0
1100	44	283.684	0
1100	45	283.633	0
1100	46	283.585	0
1100	47	283.54	0
1100	48	283.498	0
1100	49	283.459	0
1100	50	283.423	0
1100	51	283.389	0
1100	52	283.358	0
1100	53	283.329	0
1100	54	283.302	0
1100	55	283.278	0
1100	56	283.255	0
1100	57	283.233	0
1100	58	283.214	0
1100	59	283.195	0
1100	60	283.179	0
1100	61	283.163	0
1100	62	283.149	0
1100	63	283.136	0
1100	64	283.124	0
1100	65	283.113	0
1100	66	283.103	0
1100	67	283.093	0
1100	68	283.085	0
1100	69	283.077	0
1100	70	283.07	0
1100	71	283.063	0
1100	72	283.057	0
1100	73	283.052	0
1100	74	283.047	0
1100	75	283.042	0
1100	76	283.038	0
1100	77	283.034	0
1100	78	283.031	0
1100	79	283.028	0
1100	80	283.025	0
1100	81	283.022	0
1100	82	283.02	0
1100	83	283.018	0
1100	84	283.016	0
1100	85	283.014	0
1100	86	283.013	0
1100	87	283.011	0
1100	88	283.01	0
1100	89	283.009	0
1100	90	283.007	0
1100	91	283.006	0
1100	92	283.005	0
1100	93	283.005	0
1100	94	283.004	0
1100	95	283.003	0
1100	96	283.002	0
1100	97	283.001	0
1100	98	283.001	0
1100	99	283	0

1200	0	283	0
1200	1	292.567	0
1200	2	292.098	0
1200	3	292.051	0
1200	4	292.01	0
1200	5	291.847	0
1200	6	291.567	0
1200	7	291.213	0
1200	8	290.828	0
1200	9	290.44	0
1200	10	290.063	0
1200	11	289.703	0
1200	12	289.359	0
1200	13	289.031	0
1200	14	288.718	0
1200	15	288.418	0
1200	16	288.131	0
1200	17	287.856	0
1200	18	287.593	0
1200	19	287.341	0
1200	20	287.101	0
1200	21	286.871	0
1200	22	286.651	0
1200	23	286.442	0
1200	24	286.243	0
1200	25	286.053	0
1200	26	285.873	0
1200	27	285.701	0
1200	28	285.538	0
1200	29	285.384	0
1200	30	285.237	0
1200	31	285.098	0
1200	32	284.966	0
1200	33	284.841	0
1200	34	284.724	0
1200	35	284.612	0
1200	36	284.507	0
1200	37	284.408	0
1200	38	284.314	0
1200	39	284.226	0
1200	40	284.143	0
1200	41	284.065	0
1200	42	283.991	0
1200	43	283.922	0
1200	44	283.857	0
1200	45	283.796	0
1200	46	283.739	0
1200	47	283.686	0
1200	48	283.636	0
1200	49	283.589	0
1200	50	283.546	0
1200	51	283.505	0
1200	52	283.467	0
1200	53	283.431	0
1200	54	283.398	0
1200	55	283.368	0
1200	56	283.339	0
1200	57	283.312	0
1200	58	283.288	0
1200	59	283.265	0
1200	60	283.243	0
1200	61	283.223	0
1200	62	283.205	0
1200	63	283.188	0
1200	64	283.173	0
1200	65	283.158	0
1200	66	283.145	0
1200	67	283.132	0
1200	68	283.121	0
1200	69	283.111	0
1200	70	283.101	0
1200	71	283.092	0
1200	72	283.084	0
1200	73	283.076	0
1200	74	283.069	0
1200	75	283.063	0
1200	76	283.057	0
1200	77	283.052	0
1200	78	283.047	0
1200	79	283.043	0
1200	80	283.038	0
1200	81	283.035	0
1200	82	283.031	0
1200	83	283.028	0
1200	84	283.025	0
1200	85	283.023	0
1200	86	283.02	0
1200	87	283.018	0
1200	88	283.016	0
1200	89	283.014	0
1200	90	283.012	0
1200	91	283.011	0
1200	92	283.009	0
1200	93	283.008	0
1200	94	283.006	0
1200	95	283.005	0
1200	96	283.004	0
1200	97	283.002	0
1200	98	283.001	0
1200	99	283	0

1300	0	283	0
1300	1	296.03	0
1300	2	294.172	0
1300	3	293.233	0
1300	4	292.741	0
1300	5	292.41	0
1300	6	292.101	0
1300	7	291.769	0
1300	8	291.412	0
1300	9	291.041	0
1300	10	290.669	0
1300	11	290.304	0
1300	12	289.951	0
1300	13	289.611	0
1300	14	289.285	0
1300	15	288.972	0
1300	16	288.672	0
1300	17	288.383	0
1300	18	288.107	0
1300	19	287.841	0
1300	20	287.587	0
1300	21	287.343	0
1300	22	287.11	0
1300	23	286.887	0
1300	24	286.674	0
1300	25	286.47	0
1300	26	286.276	0
1300	27	286.091	0
1300	28	285.914	0
1300	29	285.746	0
1300	30	285.586	0
1300	31	285.433	0
1300	32	285.289	0
1300	33	285.151	0
1300	34	285.021	0
1300	35	284.897	0
1300	36	284.78	0
1300	37	284.669	0
1300	38	284.564	0
1300	39	284.465	0
1300	40	284.371	0
1300	41	284.282	0
1300	42	284.198	0
1300	43	284.12	0
1300	44	284.045	0
1300	45	283.975	0
1300	46	283.909	0
1300	47	283.847	0
1300	48	283.789	0
1300	49	283.734	0
1300	50	283.683	0
1300	51	283.634	0
1300	52	283.589	0
1300	53	283.547	0
1300	54	283.507	0
1300	55	283.47	0
1300	56	283.436	0
1300	57	283.403	0
1300	58	283.373	0
1300	59	283.345	0
1300	60	283.319	0
1300	61	283.294	0
1300	62	283.272	0
1300	63	283.25	0
1300	64	283.231	0
1300	65	283.213	0
1300	66	283.196	0
1300	67	283.18	0
1300	68	283.165	0
1300	69	283.152	0
1300	70	283.139	0
1300	71	283.128	0
1300	72	283.117	0
1300	73	283.107	0
1300	74	283.098	0
1300	75	283.089	0
1300	76	283.082	0
1300	77	283.074	0
1300	78	283.068	0
1300	79	283.062	0
1300	80	283.056	0
1300	81	283.051	0
1300	82	283.046	0
1300	83	283.042	0
1300	84	283.037	0
1300	85	283.034	0
1300	86	283.03	0
1300	87	283.027	0
1300	88	283.024	0
1300	89	283.021	0
1300	90	283.019	0
1300	91	283.016	0
1300	92	283.014	0
1300	93	283.012	0
1300	94	283.01	0
1300	95	283.008	0
1300	96	283.006	0
1300	97	283.004	0
1300	98	283.002	0
1300	99	283	0

1400	0	283	0
1400	1	297.948	0
1400	2	296.076	0
1400	3	294.713	0
1400	4	293.806	0
1400	5	293.196	0
1400	6	292.74	0
1400	7	292.347	0
1400	8	291.974	0
1400	9	291.604	0
1400	10	291.235	0
1400	11	290.87	0
1400	12	290.513	0
1400	13	290.167	0
1400	14	289.832	0
1400	15	289.508	0
1400	16	289.197	0
1400	17	288.898	0
1400	18	288.609	0
1400	19	288.332	0
1400	20	288.066	0
1400	21	287.81	0
1400	22	287.565	0
1400	23	287.33	0
1400	24	287.104	0
1400	25	286.888	0
1400	26	286.681	0
1400	27	286.483	0
1400	28	286.294	0
1400	29	286.113	0
1400	30	285.941	0
1400	31	285.777	0
1400	32	285.62	0
1400	33	285.47	0
1400	34	285.328	0
1400	35	285.193	0
1400	36	285.064	0
1400	37	284.942	0
1400	38	284.826	0
1400	39	284.716	0
1400	40	284.611	0
1400	41	284.513	0
1400	42	284.419	0
1400	43	284.33	0
1400	44	284.246	0
1400	45	284.167	0
1400	46	284.092	0
1400	47	284.021	0
1400	48	283.955	0
1400	49	283.892	0
1400	50	283.833	0
1400	51	283.777	0
1400	52	283.724	0
1400	53	283.675	0
1400	54	283.629	0
1400	55	283.585	0
1400	56	283.544	0
1400	57	283.506	0
1400	58	283.47	0
1400	59	283.437	0
1400	60	283.405	0
1400	61	283.376	0
1400	62	283.348	0
1400	63	283.322	0
1400	64	283.298	0
1400	65	283.276	0
1400	66	283.255	0
1400	67	283.236	0
1400	68	283.218	0
1400	69	283.201	0
1400	70	283.185	0
1400	71	283.17	0
1400	72	283.157	0
1400	73	283.144	0
1400	74	283.132	0
1400	75	283.122	0
1400	76	283.112	0
1400	77	283.102	0
1400	78	283.093	0
1400	79	283.085	0
1400	80	283.078	0
1400	81	283.071	0
1400	82	283.065	0
1400	83	283.059	0
1400	84	283.053	0
1400	85	283.048	0
1400	86	283.043	0
1400	87	283.039	0
1400	88	283.034	0
1400	89	283.031	0
1400	90	283.027	0
1400	91	283.023	0
1400	92	283.02	0
1400	93	283.017	0
1400	94	283.014	0
1400	95	283.011	0
1400	96	283.008	0
1400	97	283.005	0
1400	98	283.003	0
1400	99	283	0

1500	0	283	0
1500	1	297.012	0
1500	2	296.514	0
1500	3	295.62	0
1500	4	294.747	0
1500	5	294.024	0
1500	6	293.444	0
1500	7	292.965	0
1500	8	292.543	0
1500	9	292.15	0
1500	10	291.773	0
1500	11	291.404	0
1500	12	291.045	0
1500	13	290.694	0
1500	14	290.353	0
1500	15	290.022	0
1500	16	289.703	0
1500	17	289.395	0
1500	18	289.097	0
1500	19	288.81	0
1500	20	288.534	0
1500	21	288.268	0
1500	22	288.012	0
1500	23	287.766	0
1500	24	287.53	0
1500	25	287.302	0
1500	26	287.084	0
1500	27	286.875	0
1500	28	286.675	0
1500	29	286.483	0
1500	30	286.299	0
1500	31	286.124	0
1500	32	285.956	0
1500	33	285.795	0
1500	34	285.642	0
1500	35	285.496	0
1500	36	285.356	0
1500	37	285.224	0
1500	38	285.097	0
1500	39	284.977	0
1500	40	284.862	0
1500	41	284.753	0
1500	42	284.65	0
1500	43	284.552	0
1500	44	284.459	0
1500	45	284.37	0
1500	46	284.287	0
1500	47	284.207	0
1500	48	284.132	0
1500	49	284.061	0
1500	50	283.994	0
1500	51	283.931	0
1500	52	283.871	0
1500	53	283.815	0
1500	54	283.761	0
1500	55	283.711	0
1500	56	283.664	0
1500	57	283.62	0
1500	58	283.578	0
1500	59	283.539	0
1500	60	283.502	0
1500	61	283.467	0
1500	62	283.434	0
1500	63	283.404	0
1500	64	283.375	0
1500	65	283.349	0
1500	66	283.323	0
1500	67	283.3	0
1500	68	283.278	0
1500	69	283.257	0
1500	70	283.238	0
1500	71	283.22	0
1500	72	283.204	0
1500	73	283.188	0
1500	74	283.173	0
1500	75	283.16	0
1500	76	283.147	0
1500	77	283.135	0
1500	78	283.124	0
1500	79	283.114	0
1500	80	283.104	0
1500	81	283.096	0
1500	82	283.087	0
1500	83	283.08	0
1500	84	283.072	0
1500	85	283.065	0
1500	86	283.059	0
1500	87	283.053	0
1500	88	283.048	0
1500	89	283.042	0
1500	90	283.037	0
1500	91	283.032	0
1500	92	283.028	0
1500	93	283.024	0
1500	94	283.019	0
1500	95	283.015	0
1500	96	283.011	0
1500	97	283.008	0
1500	98	283.004	0
1500	99	283	0

1600	0	283	0
1600	1	294.705	0
1600	2	295.601	0
1600	3	295.602	0
1600	4	295.179	0
1600	5	294.622	0
1600	6	294.066	0
1600	7	293.558	0
1600	8	293.101	0
1600	9	292.681	0
1600	10	292.287	0
1600	11	291.91	0
1600	12	291.545	0
1600	13	291.19	0
1600	14	290.845	0
1600	15	290.51	0
1600	16	290.185	0
1600	17	289.87	0
1600	18	289.566	0
1600	19	289.271	0
1600	20	288.987	0
1600	21	288.713	0
1600	22	288.448	0
1600	23	288.193	0
1600	24	287.947	0
1600	25	287.71	0
1600	26	287.483	0
1600	27	287.264	0
1600	28	287.053	0
1600	29	286.851	0
1600	30	286.658	0
1600	31	286.472	0
1600	32	286.294	0
1600	33	286.123	0
1600	34	285.959	0
1600	35	285.803	0
1600	36	285.654	0
1600	37	285.511	0
1600	38	285.375	0
1600	39	285.245	0
1600	40	285.12	0
1600	41	285.002	0
1600	42	284.889	0
1600	43	284.782	0
1600	44	284.68	0
1600	45	284.583	0
1600	46	284.491	0
1600	47	284.403	0
1600	48	284.32	0
1600	49	284.241	0
1600	50	284.166	0
1600	51	284.095	0
1600	52	284.028	0
1600	53	283.965	0
1600	54	283.905	0
1600	55	283.848	0
1600	56	283.794	0
1600	57	283.743	0
1600	58	283.695	0
1600	59	283.65	0
1600	60	283.608	0
1600	61	283.568	0
1600	62	283.53	0
1600	63	283.494	0
1600	64	283.461	0
1600	65	283.43	0
1600	66	283.4	0
1600	67	283.372	0
1600	68	283.346	0
1600	69	283.322	0
1600	70	283.299	0
1600	71	283.277	0
1600	72	283.257	0
1600	73	283.238	0
1600	74	283.221	0
1600	75	283.204	0
1600	76	283.189	0
1600	77	283.174	0
1600	78	283.161	0
1600	79	283.148	0
1600	80	283.136	0
1600	81	283.125	0
1600	82	283.114	0
1600	83	283.104	0
1600	84	283.095	0
1600	85	283.086	0
1600	86	283.078	0
1600	87	283.071	0
1600	88	283.063	0
1600	89	283.056	0
1600	90	283.05	0
1600	91	283.043	0
1600	92	283.037	0
1600	93	283.032	0
1600	94	283.026	0
1600	95	283.021	0
1600	96	283.015	0
1600	97	283.01	0
1600	98	283.005	0
1600	99	283	0

1700	0	283	0
1700	1	293.818	0
1700	2	294.739	0
1700	3	295.172	0
1700	4	295.172	0
1700	5	294.897	0
1700	6	294.491	0
1700	7	294.043	0
1700	8	293.599	0
1700	9	293.174	0
1700	10	292.77	0
1700	11	292.385	0
1700	12	292.014	0
1700	13	291.656	0
1700	14	291.308	0
1700	15	290.969	0
1700	16	290.641	0
1700	17	290.322	0
1700	18	290.012	0
1700	19	289.712	0
1700	20	289.422	0
1700	21	289.141	0
1700	22	288.869	0
1700	23	288.606	0
1700	24	288.353	0
1700	25	288.108	0
1700	26	287.872	0
1700	27	287.645	0
1700	28	287.426	0
1700	29	287.215	0
1700	30	287.012	0
1700	31	286.818	0
1700	32	286.63	0
1700	33	286.45	0
1700	34	286.278	0
1700	35	286.112	0
1700	36	285.954	0
1700	37	285.802	0
1700	38	285.656	0
1700	39	285.517	0
1700	40	285.384	0
1700	41	285.257	0
1700	42	285.135	0
1700	43	285.019	0
1700	44	284.909	0
1700	45	284.803	0
1700	46	284.703	0
1700	47	284.607	0
1700	48	284.516	0
1700	49	284.429	0
1700	50	284.347	0
1700	51	284.269	0
1700	52	284.194	0
1700	53	284.124	0
1700	54	284.057	0
1700	55	283.993	0
1700	56	283.933	0
1700	57	283.876	0
1700	58	283.822	0
1700	59	283.771	0
1700	60	283.723	0
1700	61	283.677	0
1700	62	283.634	0
1700	63	283.593	0
1700	64	283.555	0
1700	65	283.519	0
1700	66	283.485	0
1700	67	283.453	0
1700	68	283.422	0
1700	69	283.394	0
1700	70	283.367	0
1700	71	283.341	0
1700	72	283.318	0
1700	73	283.295	0
1700	74	283.274	0
1700	75	283.254	0
1700	76	283.236	0
1700	77	283.218	0
1700	78	283.202	0
1700	79	283.186	0
1700	80	283.172	0
1700	81	283.158	0
1700	82	283.145	0
1700	83	283.133	0
1700	84	283.122	0
1700	85	283.111	0
1700	86	283.101	0
1700	87	283.091	0
1700	88	283.082	0
1700	89	283.073	0
1700	90	283.065	0
1700	91	283.056	0
1700	92	283.049	0
1700	93	283.041	0
1700	94	283.034	0
1700	95	283.027	0
1700	96	283.02	0
1700	97	283.013	0
1700	98	283.007	0
1700	99	283	0

1800	0	283	0
1800	1	295.653	0
1800	2	295.218	0
1800	3	295.198	0
1800	4	295.176	0
1800	5	295.024	0
1800	6	294.749	0
1800	7	294.393	0
1800	8	294.001	0
1800	9	293.599	0
1800	10	293.204	0
1800	11	292.819	0
1800	12	292.447	0
1800	13	292.087	0
1800	14	291.737	0
1800	15	291.397	0
1800	16	291.067	0
1800	17	290.745	0
1800	18	290.433	0
1800	19	290.129	0
1800	20	289.834	0
1800	21	289.549	0
1800	22	289.272	0
1800	23	289.004	0
1800	24	288.744	0
1800	25	288.493	0
1800	26	288.251	0
1800	27	288.016	0
1800	28	287.79	0
1800	29	287.572	0
1800	30	287.361	0
1800	31	287.158	0
1800	32	286.963	0
1800	33	286.775	0
1800	34	286.595	0
1800	35	286.421	0
1800	36	286.254	0
1800	37	286.094	0
1800	38	285.94	0
1800	39	285.792	0
1800	40	285.651	0
1800	41	285.515	0
1800	42	285.386	0
1800	43	285.262	0
1800	44	285.143	0
1800	45	285.029	0
1800	46	284.921	0
1800	47	284.818	0
1800	48	284.719	0
1800	49	284.625	0
1800	50	284.535	0
1800	51	284.449	0
1800	52	284.368	0
1800	53	284.29	0
1800	54	284.217	0
1800	55	284.147	0
1800	56	284.08	0
1800	57	284.017	0
1800	58	283.957	0
1800	59	283.9	0
1800	60	283.846	0
1800	61	283.795	0
1800	62	283.746	0
1800	63	283.7	0
1800	64	283.657	0
1800	65	283.616	0
1800	66	283.577	0
1800	67	283.54	0
1800	68	283.505	0
1800	69	283.472	0
1800	70	283.441	0
1800	71	283.412	0
1800	72	283.385	0
1800	73	283.358	0
1800	74	283.334	0
1800	75	283.311	0
1800	76	283.289	0
1800	77	283.268	0
1800	78	283.248	0
1800	79	283.23	0
1800	80	283.213	0
1800	81	283.196	0
1800	82	283.181	0
1800	83	283.166	0
1800	84	283.152	0
1800	85	283.139	0
1800	86	283.126	0
1800	87	283.114	0
1800	88	283.103	0
1800	89	283.092	0
1800	90	283.082	0
1800	91	283.071	0
1800	92	283.062	0
1800	93	283.052	0
1800	94	283.043	0
1800	95	283.034	0
1800	96	283.026	0
1800	97	283.017	0
1800	98	283.008	0
1800	99	283	0

1900	0	283	0
1900	1	298.724	0
1900	2	296.919	0
1900	3	296.025	0
1900	4	295.571	0
1900	5	295.27	0
1900	6	294.983	0
1900	7	294.667	0
1900	8	294.319	0
1900	9	293.951	0
1900	10	293.576	0
1900	11	293.203	0
1900	12	292.837	0
1900	13	292.479	0
1900	14	292.13	0
1900	15	291.791	0
1900	16	291.46	0
1900	17	291.138	0
1900	18	290.825	0
1900	19	290.52	0
1900	20	290.223	0
1900	21	289.934	0
1900	22	289.654	0
1900	23	289.382	0
1900	24	289.118	0
1900	25	288.862	0
1900	26	288.614	0
1900	27	288.374	0
1900	28	288.142	0
1900	29	287.918	0
1900	30	287.701	0
1900	31	287.492	0
1900	32	287.29	0
1900	33	287.095	0
1900	34	286.907	0
1900	35	286.726	0
1900	36	286.551	0
1900	37	286.384	0
1900	38	286.222	0
1900	39	286.067	0
1900	40	285.918	0
1900	41	285.775	0
1900	42	285.638	0
1900	43	285.506	0
1900	44	285.38	0
1900	45	285.259	0
1900	46	285.143	0
1900	47	285.033	0
1900	48	284.927	0
1900	49	284.825	0
1900	50	284.729	0
1900	51	284.636	0
1900	52	284.548	0
1900	53	284.464	0
1900	54	284.383	0
1900	55	284.307	0
1900	56	284.234	0
1900	57	284.165	0
1900	58	284.099	0
1900	59	284.036	0
1900	60	283.976	0
1900	61	283.919	0
1900	62	283.865	0
1900	63	283.814	0
1900	64	283.766	0
1900	65	283.719	0
1900	66	283.676	0
1900	67	283.634	0
1900	68	283.595	0
1900	69	283.558	0
1900	70	283.522	0
1900	71	283.489	0
1900	72	283.457	0
1900	73	283.427	0
1900	74	283.399	0
1900	75	283.372	0
1900	76	283.347	0
1900	77	283.323	0
1900	78	283.3	0
1900	79	283.278	0
1900	80	283.258	0
1900	81	283.238	0
1900	82	283.22	0
1900	83	283.203	0
1900	84	283.186	0
1900	85	283.17	0
1900	86	283.155	0
1900	87	283.141	0
1900	88	283.127	0
1900	89	283.113	0
1900	90	283.101	0
1900	91	283.088	0
1900	92	283.076	0
1900	93	283.065	0
1900	94	283.054	0
1900	95	283.043	0
1900	96	283.032	0
1900	97	283.021	0
1900	98	283.011	0
1900	99	283	0

2000	0	283	0
2000	1	300.235	0
2000	2	298.435	0
2000	3	297.136	0
2000	4	296.284	0
2000	5	295.721	0
2000	6	295.304	0
2000	7	294.944	0
2000	8	294.597	0
2000	9	294.246	0
2000	10	293.89	0
2000	11	293.532	0
2000	12	293.177	0
2000	13	292.827	0
2000	14	292.483	0
2000	15	292.147	0
2000	16	291.819	0
2000	17	291.498	0
2000	18	291.186	0
2000	19	290.881	0
2000	20	290.583	0
2000	21	290.294	0
2000	22	290.012	0
2000	23	289.738	0
2000	24	289.471	0
2000	25	289.212	0
2000	26	288.961	0
2000	27	288.717	0
2000	28	288.48	0
2000	29	288.251	0
2000	30	288.029	0
2000	31	287.815	0
2000	32	287.607	0
2000	33	287.406	0
2000	34	287.212	0
2000	35	287.025	0
2000	36	286.844	0
2000	37	286.67	0
2000	38	286.502	0
2000	39	286.34	0
2000	40	286.184	0
2000	41	286.034	0
2000	42	285.89	0
2000	43	285.752	0
2000	44	285.619	0
2000	45	285.491	0
2000	46	285.368	0
2000	47	285.251	0
2000	48	285.138	0
2000	49	285.03	0
2000	50	284.926	0
2000	51	284.827	0
2000	52	284.733	0
2000	53	284.642	0
2000	54	284.555	0
2000	55	284.473	0
2000	56	284.394	0
2000	57	284.318	0
2000	58	284.246	0
2000	59	284.178	0
2000	60	284.112	0
2000	61	284.05	0
2000	62	283.991	0
2000	63	283.934	0
2000	64	283.881	0
2000	65	283.829	0
2000	66	283.781	0
2000	67	283.735	0
2000	68	283.691	0
2000	69	283.649	0
2000	70	283.609	0
2000	71	283.572	0
2000	72	283.536	0
2000	73	283.502	0
2000	74	283.47	0
2000	75	283.439	0
2000	76	283.41	0
2000	77	283.382	0
2000	78	283.356	0
2000	79	283.331	0
2000	80	283.307	0
2000	81	283.285	0
2000	82	283.263	0
2000	83	283.243	0
2000	84	283.223	0
2000	85	283.205	0
2000	86	283.187	0
2000	87	283.17	0
2000	88	283.153	0
2000	89	283.137	0
2000	90	283.122	0
2000	91	283.107	0
2000	92	283.093	0
2000	93	283.079	0
2000	94	283.065	0
2000	95	283.052	0
2000	96	283.039	0
2000	97	283.026	0
2000	98	283.013	0
2000	99	283	0

2100	0	283	0
2100	1	298.881	0
2100	2	298.473	0
2100	3	297.659	0
2100	4	296.859	0
2100	5	296.2	0
2100	6	295.676	0
2100	7	295.246	0
2100	8	294.865	0
2100	9	294.507	0
2100	10	294.158	0
2100	11	293.812	0
2100	12	293.468	0
2100	13	293.128	0
2100	14	292.793	0
2100	15	292.463	0
2100	16	292.139	0
2100	17	291.823	0
2100	18	291.513	0
2100	19	291.21	0
2100	20	290.914	0
2100	21	290.626	0
2100	22	290.344	0
2100	23	290.069	0
2100	24	289.802	0
2100	25	289.541	0
2100	26	289.288	0
2100	27	289.041	0
2100	28	288.802	0
2100	29	288.569	0
2100	30	288.343	0
2100	31	288.125	0
2100	32	287.913	0
2100	33	287.707	0
2100	34	287.508	0
2100	35	287.316	0
2100	36	287.13	0
2100	37	286.95	0
2100	38	286.776	0
2100	39	286.609	0
2100	40	286.447	0
2100	41	286.291	0
2100	42	286.141	0
2100	43	285.996	0
2100	44	285.857	0
2100	45	285.723	0
2100	46	285.594	0
2100	47	285.47	0
2100	48	285.351	0
2100	49	285.236	0
2100	50	285.127	0
2100	51	285.022	0
2100	52	284.921	0
2100	53	284.824	0
2100	54	284.731	0
2100	55	284.643	0
2100	56	284.558	0
2100	57	284.476	0
2100	58	284.399	0
2100	59	284.325	0
2100	60	284.254	0
2100	61	284.186	0
2100	62	284.121	0
2100	63	284.06	0
2100	64	284.001	0
2100	65	283.945	0
2100	66	283.891	0
2100	67	283.84	0
2100	68	283.792	0
2100	69	283.745	0
2100	70	283.701	0
2100	71	283.659	0
2100	72	283.619	0
2100	73	283.581	0
2100	74	283.545	0
2100	75	283.511	0
2100	76	283.478	0
2100	77	283.446	0
2100	78	283.417	0
2100	79	283.388	0
2100	80	283.361	0
2100	81	283.335	0
2100	82	283.31	0
2100	83	283.287	0
2100	84	283.264	0
2100	85	283.242	0
2100	86	283.221	0
2100	87	283.201	0
2100	88	283.182	0
2100	89	283.163	0
2100	90	283.145	0
2100	91	283.128	0
2100	92	283.111	0
2100	93	283.094	0
2100	94	283.078	0
2100	95	283.062	0
2100	96	283.046	0
2100	97	283.031	0
2100	98	283.015	0
2100	99	283	0

2200	0	283	0
2200	1	296.145	0
2200	2	297.147	0
2200	3	297.246	0
2200	4	296.913	0
2200	5	296.436	0
2200	6	295.953	0
2200	7	295.509	0
2200	8	295.109	0
2200	9	294.739	0
2200	10	294.388	0
2200	11	294.048	0
2200	12	293.713	0
2200	13	293.383	0
2200	14	293.057	0
2200	15	292.736	0
2200	16	292.42	0
2200	17	292.109	0
2200	18	291.804	0
2200	19	291.506	0
2200	20	291.213	0
2200	21	290.927	0
2200	22	290.647	0
2200	23	290.374	0
2200	24	290.107	0
2200	25	289.846	0
2200	26	289.592	0
2200	27	289.345	0
2200	28	289.104	0
2200	29	288.869	0
2200	30	288.641	0
2200	31	288.42	0
2200	32	288.204	0
2200	33	287.996	0
2200	34	287.793	0
2200	35	287.597	0
2200	36	287.406	0
2200	37	287.222	0
2200	38	287.044	0
2200	39	286.871	0
2200	40	286.704	0
2200	41	286.543	0
2200	42	286.387	0
2200	43	286.237	0
2200	44	286.092	0
2200	45	285.953	0
2200	46	285.818	0
2200	47	285.688	0
2200	48	285.564	0
2200	49	285.444	0
2200	50	285.328	0
2200	51	285.217	0
2200	52	285.11	0
2200	53	285.008	0
2200	54	284.91	0
2200	55	284.815	0
2200	56	284.725	0
2200	57	284.638	0
2200	58	284.555	0
2200	59	284.475	0
2200	60	284.399	0
2200	61	284.326	0
2200	62	284.256	0
2200	63	284.19	0
2200	64	284.126	0
2200	65	284.065	0
2200	66	284.006	0
2200	67	283.951	0
2200	68	283.897	0
2200	69	283.847	0
2200	70	283.798	0
2200	71	283.752	0
2200	72	283.708	0
2200	73	283.665	0
2200	74	283.625	0
2200	75	283.586	0
2200	76	283.55	0
2200	77	283.515	0
2200	78	283.481	0
2200	79	283.449	0
2200	80	283.418	0
2200	81	283.389	0
2200	82	283.361	0
2200	83	283.334	0
2200	84	283.308	0
2200	85	283.283	0
2200	86	283.259	0
2200	87	283.236	0
2200	88	283.213	0
2200	89	283.192	0
2200	90	283.171	0
2200	91	283.15	0
2200	92	283.13	0
2200	93	283.111	0
2200	94	283.092	0
2200	95	283.073	0
2200	96	283.055	0
2200	97	283.036	0
2200	98	283.018	0
2200	99	283	0

2300	0	283	0
2300	1	294.821	0
2300	2	295.866	0
2300	3	296.413	0
2300	4	296.517	0
2300	5	296.339	0
2300	6	296.02	0
2300	7	295.652	0
2300	8	295.279	0
2300	9	294.919	0
2300	10	294.573	0
2300	11	294.239	0
2300	12	293.912	0
2300	13	293.592	0
2300	14	293.276	0
2300	15	292.965	0
2300	16	292.658	0
2300	17	292.355	0
2300	18	292.057	0
2300	19	291.765	0
2300	20	291.477	0
2300	21	291.196	0
2300	22	290.919	0
2300	23	290.649	0
2300	24	290.384	0
2300	25	290.125	0
2300	26	289.872	0
2300	27	289.626	0
2300	28	289.384	0
2300	29	289.149	0
2300	30	288.92	0
2300	31	288.697	0
2300	32	288.48	0
2300	33	288.269	0
2300	34	288.064	0
2300	35	287.865	0
2300	36	287.671	0
2300	37	287.483	0
2300	38	287.301	0
2300	39	287.125	0
2300	40	286.954	0
2300	41	286.788	0
2300	42	286.628	0
2300	43	286.473	0
2300	44	286.324	0
2300	45	286.179	0
2300	46	286.04	0
2300	47	285.905	0
2300	48	285.775	0
2300	49	285.65	0
2300	50	285.529	0
2300	51	285.413	0
2300	52	285.301	0
2300	53	285.193	0
2300	54	285.089	0
2300	55	284.99	0
2300	56	284.894	0
2300	57	284.802	0
2300	58	284.714	0
2300	59	284.629	0
2300	60	284.547	0
2300	61	284.469	0
2300	62	284.395	0
2300	63	284.323	0
2300	64	284.254	0
2300	65	284.188	0
2300	66	284.125	0
2300	67	284.065	0
2300	68	284.007	0
2300	69	283.952	0
2300	70	283.899	0
2300	71	283.848	0
2300	72	283.8	0
2300	73	283.753	0
2300	74	283.709	0
2300	75	283.666	0
2300	76	283.625	0
2300	77	283.586	0
2300	78	283.549	0
2300	79	283.513	0
2300	80	283.479	0
2300	81	283.446	0
2300	82	283.414	0
2300	83	283.383	0
2300	84	283.354	0
2300	85	283.326	0
2300	86	283.298	0
2300	87	283.272	0
2300	88	283.247	0
2300	89	283.222	0
2300	90	283.198	0
2300	91	283.174	0
2300	92	283.151	0
2300	93	283.129	0
2300	94	283.107	0
2300	95	283.085	0
2300	96	283.063	0
2300	97	283.042	0
2300	98	283.021	0
2300	99	283	0

2400	0	283	0
2400	1	296.215	0
2400	2	295.918	0
2400	3	296.027	0
2400	4	296.125	0
2400	5	296.085	0
2400	6	295.912	0
2400	7	295.65	0
2400	8	295.344	0
2400	9	295.022	0
2400	10	294.697	0
2400	11	294.377	0
2400	12	294.063	0
2400	13	293.754	0
2400	14	293.45	0
2400	15	293.149	0
2400	16	292.852	0
2400	17	292.559	0
2400	18	292.271	0
2400	19	291.986	0
2400	20	291.706	0
2400	21	291.43	0
2400	22	291.159	0
2400	23	290.893	0
2400	24	290.632	0
2400	25	290.377	0
2400	26	290.126	0
2400	27	289.881	0
2400	28	289.642	0
2400	29	289.408	0
2400	30	289.179	0
2400	31	288.956	0
2400	32	288.738	0
2400	33	288.526	0
2400	34	288.32	0
2400	35	288.119	0
2400	36	287.923	0
2400	37	287.733	0
2400	38	287.548	0
2400	39	287.368	0
2400	40	287.194	0
2400	41	287.025	0
2400	42	286.862	0
2400	43	286.703	0
2400	44	286.549	0
2400	45	286.4	0
2400	46	286.257	0
2400	47	286.117	0
2400	48	285.983	0
2400	49	285.853	0
2400	50	285.728	0
2400	51	285.607	0
2400	52	285.49	0
2400	53	285.377	0
2400	54	285.269	0
2400	55	285.164	0
2400	56	285.064	0
2400	57	284.967	0
2400	58	284.873	0
2400	59	284.784	0
2400	60	284.698	0
2400	61	284.615	0
2400	62	284.535	0
2400	63	284.459	0
2400	64	284.385	0
2400	65	284.315	0
2400	66	284.247	0
2400	67	284.182	0
2400	68	284.12	0
2400	69	284.06	0
2400	70	284.003	0
2400	71	283.947	0
2400	72	283.895	0
2400	73	283.844	0
2400	74	283.795	0
2400	75	283.749	0
2400	76	283.704	0
2400	77	283.661	0
2400	78	283.62	0
2400	79	283.58	0
2400	80	283.542	0
2400	81	283.505	0
2400	82	283.47	0
2400	83	283.436	0
2400	84	283.403	0
2400	85	283.371	0
2400	86	283.34	0
2400	87	283.311	0
2400	88	283.282	0
2400	89	283.254	0
2400	90	283.226	0
2400	91	283.199	0
2400	92	283.173	0
2400	93	283.148	0
2400	94	283.122	0
2400	95	283.097	0
2400	96	283.073	0
2400	97	283.048	0
2400	98	283.024	0
2400	99	283	0

2500	0	283	0
2500	1	298.84	0
2500	2	297.189	0
2500	3	296.439	0
2500	4	296.119	0
2500	5	295.942	0
2500	6	295.772	0
2500	7	295.564	0
2500	8	295.316	0
2500	9	295.04	0
2500	10	294.75	0
2500	11	294.455	0
2500	12	294.159	0
2500	13	293.866	0
2500	14	293.575	0
2500	15	293.287	0
2500	16	293.003	0
2500	17	292.721	0
2500	18	292.443	0
2500	19	292.167	0
2500	20	291.896	0
2500	21	291.628	0
2500	22	291.364	0
2500	23	291.105	0
2500	24	290.849	0
2500	25	290.599	0
2500	26	290.352	0
2500	27	290.111	0
2500	28	289.874	0
2500	29	289.642	0
2500	30	289.415	0
2500	31	289.193	0
2500	32	288.976	0
2500	33	288.765	0
2500	34	288.558	0
2500	35	288.356	0
2500	36	288.159	0
2500	37	287.968	0
2500	38	287.781	0
2500	39	287.6	0
2500	40	287.424	0
2500	41	287.252	0
2500	42	287.086	0
2500	43	286.924	0
2500	44	286.767	0
2500	45	286.615	0
2500	46	286.467	0
2500	47	286.324	0
2500	48	286.186	0
2500	49	286.052	0
2500	50	285.923	0
2500	51	285.798	0
2500	52	285.676	0
2500	53	285.56	0
2500	54	285.447	0
2500	55	285.338	0
2500	56	285.233	0
2500	57	285.131	0
2500	58	285.033	0
2500	59	284.939	0
2500	60	284.848	0
2500	61	284.761	0
2500	62	284.677	0
2500	63	284.596	0
2500	64	284.518	0
2500	65	284.443	0
2500	66	284.371	0
2500	67	284.301	0
2500	68	284.235	0
2500	69	284.17	0
2500	70	284.109	0
2500	71	284.049	0
2500	72	283.992	0
2500	73	283.938	0
2500	74	283.885	0
2500	75	283.834	0
2500	76	283.785	0
2500	77	283.738	0
2500	78	283.693	0
2500	79	283.65	0
2500	80	283.608	0
2500	81	283.567	0
2500	82	283.528	0
2500	83	283.49	0
2500	84	283.454	0
2500	85	283.418	0
2500	86	283.384	0
2500	87	283.351	0
2500	88	283.318	0
2500	89	283.287	0
2500	90	283.256	0
2500	91	283.226	0
2500	92	283.196	0
2500	93	283.167	0
2500	94	283.139	0
2500	95	283.111	0
2500	96	283.083	0
2500	97	283.055	0
2500	98	283.027	0
2500	99	283	0

2600	0	283	0
2600	1	299.907	0
2600	2	298.273	0
2600	3	297.13	0
2600	4	296.427	0
2600	5	296.002	0
2600	6	295.715	0
2600	7	295.476	0
2600	8	295.241	0
2600	9	294.996	0
2600	10	294.737	0
2600	11	294.47	0
2600	12	294.198	0
2600	13	293.924	0
2600	14	293.65	0
2600	15	293.378	0
2600	16	293.107	0
2600	17	292.839	0
2600	18	292.572	0
2600	19	292.308	0
2600	20	292.047	0
2600	21	291.789	0
2600	22	291.534	0
2600	23	291.282	0
2600	24	291.034	0
2600	25	290.789	0
2600	26	290.548	0
2600	27	290.312	0
2600	28	290.079	0
2600	29	289.851	0
2600	30	289.627	0
2600	31	289.408	0
2600	32	289.193	0
2600	33	288.982	0
2600	34	288.777	0
2600	35	288.576	0
2600	36	288.379	0
2600	37	288.187	0
2600	38	288	0
2600	39	287.818	0
2600	40	287.64	0
2600	41	287.467	0
2600	42	287.299	0
2600	43	287.135	0
2600	44	286.975	0
2600	45	286.821	0
2600	46	286.67	0
2600	47	286.525	0
2600	48	286.383	0
2600	49	286.246	0
2600	50	286.113	0
2600	51	285.984	0
2600	52	285.859	0
2600	53	285.738	0
2600	54	285.622	0
2600	55	285.509	0
2600	56	285.4	0
2600	57	285.294	0
2600	58	285.192	0
2600	59	285.094	0
2600	60	284.999	0
2600	61	284.907	0
2600	62	284.819	0
2600	63	284.733	0
2600	64	284.651	0
2600	65	284.572	0
2600	66	284.495	0
2600	67	284.422	0
2600	68	284.351	0
2600	69	284.282	0
2600	70	284.216	0
2600	71	284.153	0
2600	72	284.092	0
2600	73	284.033	0
2600	74	283.976	0
2600	75	283.921	0
2600	76	283.869	0
2600	77	283.818	0
2600	78	283.769	0
2600	79	283.721	0
2600	80	283.675	0
2600	81	283.631	0
2600	82	283.588	0
2600	83	283.547	0
2600	84	283.506	0
2600	85	283.467	0
2600	86	283.429	0
2600	87	283.392	0
2600	88	283.356	0
2600	89	283.321	0
2600	90	283.287	0
2600	91	283.253	0
2600	92	283.22	0
2600	93	283.188	0
2600	94	283.156	0
2600	95	283.124	0
2600	96	283.093	0
2600	97	283.062	0
2600	98	283.031	0
2600	99	283	0

2700	0	283	0
2700	1	298.108	0
2700	2	297.879	0
2700	3	297.235	0
2700	4	296.595	0
2700	5	296.086	0
2700	6	295.705	0
2700	7	295.408	0
2700	8	295.153	0
2700	9	294.912	0
2700	10	294.673	0
2700	11	294.429	0
2700	12	294.18	0
2700	13	293.928	0
2700	14	293.674	0
2700	15	293.419	0
2700	16	293.165	0
2700	17	292.911	0
2700	18	292.658	0
2700	19	292.407	0
2700	20	292.158	0
2700	21	291.911	0
2700	22	291.666	0
2700	23	291.423	0
2700	24	291.184	0
2700	25	290.947	0
2700	26	290.713	0
2700	27	290.483	0
2700	28	290.256	0
2700	29	290.033	0
2700	30	289.813	0
2700	31	289.598	0
2700	32	289.386	0
2700	33	289.178	0
2700	34	288.975	0
2700	35	288.775	0
2700	36	288.58	0
2700	37	288.389	0
2700	38	288.202	0
2700	39	288.02	0
2700	40	287.842	0
2700	41	287.668	0
2700	42	287.499	0
2700	43	287.334	0
2700	44	287.173	0
2700	45	287.017	0
2700	46	286.864	0
2700	47	286.716	0
2700	48	286.572	0
2700	49	286.432	0
2700	50	286.296	0
2700	51	286.165	0
2700	52	286.037	0
2700	53	285.913	0
2700	54	285.793	0
2700	55	285.676	0
2700	56	285.563	0
2700	57	285.454	0
2700	58	285.348	0
2700	59	285.246	0
2700	60	285.147	0
2700	61	285.052	0
2700	62	284.959	0
2700	63	284.87	0
2700	64	284.784	0
2700	65	284.701	0
2700	66	284.62	0
2700	67	284.542	0
2700	68	284.467	0
2700	69	284.395	0
2700	70	284.325	0
2700	71	284.258	0
2700	72	284.192	0
2700	73	284.129	0
2700	74	284.069	0
2700	75	284.01	0
2700	76	283.953	0
2700	77	283.898	0
2700	78	283.845	0
2700	79	283.794	0
2700	80	283.744	0
2700	81	283.696	0
2700	82	283.65	0
2700	83	283.604	0
2700	84	283.56	0
2700	85	283.518	0
2700	86	283.476	0
2700	87	283.435	0
2700	88	283.396	0
2700	89	283.357	0
2700	90	283.319	0
2700	91	283.282	0
2700	92	283.245	0
2700	93	283.209	0
2700	94	283.173	0
2700	95	283.138	0
2700	96	283.103	0
2700	97	283.069	0
2700	98	283.034	0
2700	99	283	0

2800	0	283	0
2800	1	294.932	0
2800	2	296.125	0
2800	3	296.404	0
2800	4	296.242	0
2800	5	295.928	0
2800	6	295.598	0
2800	7	295.3	0
2800	8	295.036	0
2800	9	294.795	0
2800	10	294.566	0
2800	11	294.339	0
2800	12	294.11	0
2800	13	293.88	0
2800	14	293.646	0
2800	15	293.411	0
2800	16	293.174	0
2800	17	292.937	0
2800	18	292.7	0
2800	19	292.464	0
2800	20	292.228	0
2800	21	291.993	0
2800	22	291.76	0
2800	23	291.528	0
2800	24	291.298	0
2800	25	291.071	0
2800	26	290.846	0
2800	27	290.623	0
2800	28	290.403	0
2800	29	290.186	0
2800	30	289.972	0
2800	31	289.762	0
2800	32	289.554	0
2800	33	289.351	0
2800	34	289.151	0
2800	35	288.954	0
2800	36	288.761	0
2800	37	288.572	0
2800	38	288.387	0
2800	39	288.206	0
2800	40	288.028	0
2800	41	287.855	0
2800	42	287.685	0
2800	43	287.52	0
2800	44	287.358	0
2800	45	287.201	0
2800	46	287.047	0
2800	47	286.898	0
2800	48	286.752	0
2800	49	286.61	0
2800	50	286.472	0
2800	51	286.338	0
2800	52	286.208	0
2800	53	286.081	0
2800	54	285.958	0
2800	55	285.839	0
2800	56	285.723	0
2800	57	285.61	0
2800	58	285.501	0
2800	59	285.396	0
2800	60	285.293	0
2800	61	285.194	0
2800	62	285.098	0
2800	63	285.005	0
2800	64	284.915	0
2800	65	284.828	0
2800	66	284.744	0
2800	67	284.663	0
2800	68	284.584	0
2800	69	284.507	0
2800	70	284.434	0
2800	71	284.362	0
2800	72	284.293	0
2800	73	284.226	0
2800	74	284.162	0
2800	75	284.099	0
2800	76	284.039	0
2800	77	283.98	0
2800	78	283.923	0
2800	79	283.868	0
2800	80	283.814	0
2800	81	283.762	0
2800	82	283.712	0
2800	83	283.663	0
2800	84	283.615	0
2800	85	283.569	0
2800	86	283.523	0
2800	87	283.479	0
2800	88	283.436	0
2800	89	283.393	0
2800	90	283.352	0
2800	91	283.311	0
2800	92	283.27	0
2800	93	283.231	0
2800	94	283.192	0
2800	95	283.153	0
2800	96	283.114	0
2800	97	283.076	0
2800	98	283.038	0
2800	99	283	0

2900	0	283	0
2900	1	293.174	0
2900	2	294.419	0
2900	3	295.158	0
2900	4	295.443	0
2900	5	295.438	0
2900	6	295.284	0
2900	7	295.071	0
2900	8	294.846	0
2900	9	294.626	0
2900	10	294.411	0
2900	11	294.201	0
2900	12	293.992	0
2900	13	293.781	0
2900	14	293.568	0
2900	15	293.353	0
2900	16	293.136	0
2900	17	292.917	0
2900	18	292.697	0
2900	19	292.476	0
2900	20	292.256	0
2900	21	292.035	0
2900	22	291.815	0
2900	23	291.595	0
2900	24	291.377	0
2900	25	291.16	0
2900	26	290.944	0
2900	27	290.731	0
2900	28	290.519	0
2900	29	290.31	0
2900	30	290.103	0
2900	31	289.899	0
2900	32	289.697	0
2900	33	289.498	0
2900	34	289.303	0
2900	35	289.11	0
2900	36	288.921	0
2900	37	288.735	0
2900	38	288.552	0
2900	39	288.373	0
2900	40	288.197	0
2900	41	288.025	0
2900	42	287.856	0
2900	43	287.691	0
2900	44	287.53	0
2900	45	287.372	0
2900	46	287.218	0
2900	47	287.068	0
2900	48	286.921	0
2900	49	286.778	0
2900	50	286.639	0
2900	51	286.503	0
2900	52	286.371	0
2900	53	286.242	0
2900	54	286.117	0
2900	55	285.995	0
2900	56	285.876	0
2900	57	285.761	0
2900	58	285.65	0
2900	59	285.541	0
2900	60	285.436	0
2900	61	285.333	0
2900	62	285.234	0
2900	63	285.138	0
2900	64	285.044	0
2900	65	284.954	0
2900	66	284.866	0
2900	67	284.781	0
2900	68	284.699	0
2900	69	284.619	0
2900	70	284.541	0
2900	71	284.466	0
2900	72	284.394	0
2900	73	284.323	0
2900	74	284.255	0
2900	75	284.188	0
2900	76	284.124	0
2900	77	284.062	0
2900	78	284.001	0
2900	79	283.942	0
2900	80	283.885	0
2900	81	283.829	0
2900	82	283.775	0
2900	83	283.722	0
2900	84	283.671	0
2900	85	283.62	0
2900	86	283.571	0
2900	87	283.523	0
2900	88	283.476	0
2900	89	283.43	0
2900	90	283.385	0
2900	91	283.34	0
2900	92	283.296	0
2900	93	283.253	0
2900	94	283.21	0
2900	95	283.167	0
2900	96	283.125	0
2900	97	283.083	0
2900	98	283.042	0
2900	99	283	0

3000	0	283	0
3000	1	294.142	0
3000	2	294.055	0
3000	3	294.364	0
3000	4	294.653	0
3000	5	294.796	0
3000	6	294.796	0
3000	7	294.701	0
3000	8	294.552	0
3000	9	294.379	0
3000	10	294.196	0
3000	11	294.01	0
3000	12	293.823	0
3000	13	293.633	0
3000	14	293.442	0
3000	15	293.247	0
3000	16	293.05	0
3000	17	292.85	0
3000	18	292.649	0
3000	19	292.445	0
3000	20	292.241	0
3000	21	292.036	0
3000	22	291.83	0
3000	23	291.624	0
3000	24	291.418	0
3000	25	291.213	0
3000	26	291.009	0
3000	27	290.805	0
3000	28	290.603	0
3000	29	290.403	0
3000	30	290.204	0
3000	31	290.007	0
3000	32	289.813	0
3000	33	289.62	0
3000	34	289.43	0
3000	35	289.243	0
3000	36	289.058	0
3000	37	288.876	0
3000	38	288.697	0
3000	39	288.52	0
3000	40	288.347	0
3000	41	288.177	0
3000	42	288.011	0
3000	43	287.847	0
3000	44	287.687	0
3000	45	287.53	0
3000	46	287.376	0
3000	47	287.226	0
3000	48	287.079	0
3000	49	286.935	0
3000	50	286.795	0
3000	51	286.658	0
3000	52	286.525	0
3000	53	286.394	0
3000	54	286.267	0
3000	55	286.144	0
3000	56	286.023	0
3000	57	285.906	0
3000	58	285.792	0
3000	59	285.681	0
3000	60	285.573	0
3000	61	285.468	0
3000	62	285.366	0
3000	63	285.267	0
3000	64	285.17	0
3000	65	285.077	0
3000	66	284.986	0
3000	67	284.897	0
3000	68	284.812	0
3000	69	284.728	0
3000	70	284.648	0
3000	71	284.569	0
3000	72	284.493	0
3000	73	284.419	0
3000	74	284.347	0
3000	75	284.277	0
3000	76	284.209	0
3000	77	284.143	0
3000	78	284.078	0
3000	79	284.016	0
3000	80	283.955	0
3000	81	283.896	0
3000	82	283.838	0
3000	83	283.781	0
3000	84	283.726	0
3000	85	283.672	0
3000	86	283.619	0
3000	87	283.567	0
3000	88	283.517	0
3000	89	283.467	0
3000	90	283.418	0
3000	91	283.37	0
3000	92	283.322	0
3000	93	283.275	0
3000	94	283.228	0
3000	95	283.182	0
3000	96	283.136	0
3000	97	283.091	0
3000	98	283.045	0
3000	99	283	0

3100	0	283	0
3100	1	296.353	0
3100	2	294.919	0
3100	3	294.377	0
3100	4	294.256	0
3100	5	294.271	0
3100	6	294.283	0
3100	7	294.249	0
3100	8	294.168	0
3100	9	294.05	0
3100	10	293.911	0
3100	11	293.759	0
3100	12	293.599	0
3100	13	293.434	0
3100	14	293.266	0
3100	15	293.093	0
3100	16	292.917	0
3100	17	292.738	0
3100	18	292.556	0
3100	19	292.371	0
3100	20	292.184	0
3100	21	291.995	0
3100	22	291.805	0
3100	23	291.614	0
3100	24	291.422	0
3100	25	291.23	0
3100	26	291.038	0
3100	27	290.846	0
3100	28	290.655	0
3100	29	290.465	0
3100	30	290.275	0
3100	31	290.087	0
3100	32	289.9	0
3100	33	289.715	0
3100	34	289.532	0
3100	35	289.35	0
3100	36	289.171	0
3100	37	288.994	0
3100	38	288.82	0
3100	39	288.647	0
3100	40	288.478	0
3100	41	288.311	0
3100	42	288.147	0
3100	43	287.986	0
3100	44	287.827	0
3100	45	287.672	0
3100	46	287.519	0
3100	47	287.37	0
3100	48	287.223	0
3100	49	287.08	0
3100	50	286.94	0
3100	51	286.803	0
3100	52	286.668	0
3100	53	286.537	0
3100	54	286.409	0
3100	55	286.284	0
3100	56	286.162	0
3100	57	286.044	0
3100	58	285.928	0
3100	59	285.815	0
3100	60	285.704	0
3100	61	285.597	0
3100	62	285.493	0
3100	63	285.391	0
3100	64	285.292	0
3100	65	285.196	0
3100	66	285.102	0
3100	67	285.011	0
3100	68	284.922	0
3100	69	284.835	0
3100	70	284.751	0
3100	71	284.67	0
3100	72	284.59	0
3100	73	284.513	0
3100	74	284.437	0
3100	75	284.364	0
3100	76	284.293	0
3100	77	284.223	0
3100	78	284.155	0
3100	79	284.089	0
3100	80	284.025	0
3100	81	283.962	0
3100	82	283.9	0
3100	83	283.84	0
3100	84	283.781	0
3100	85	283.724	0
3100	86	283.667	0
3100	87	283.612	0
3100	88	283.557	0
3100	89	283.504	0
3100	90	283.451	0
3100	91	283.399	0
3100	92	283.348	0
3100	93	283.297	0
3100	94	283.247	0
3100	95	283.197	0
3100	96	283.147	0
3100	97	283.098	0
3100	98	283.049	0
3100	99	283	0

3200	0	283	0
3200	1	297.016	0
3200	2	295.606	0
3200	3	294.679	0
3200	4	294.182	0
3200	5	293.956	0
3200	6	293.859	0
3200	7	293.802	0
3200	8	293.742	0
3200	9	293.662	0
3200	10	293.563	0
3200	11	293.447	0
3200	12	293.319	0
3200	13	293.183	0
3200	14	293.039	0
3200	15	292.891	0
3200	16	292.737	0
3200	17	292.579	0
3200	18	292.418	0
3200	19	292.252	0
3200	20	292.084	0
3200	21	291.913	0
3200	22	291.74	0
3200	23	291.565	0
3200	24	291.388	0
3200	25	291.211	0
3200	26	291.032	0
3200	27	290.853	0
3200	28	290.673	0
3200	29	290.494	0
3200	30	290.315	0
3200	31	290.137	0
3200	32	289.959	0
3200	33	289.782	0
3200	34	289.607	0
3200	35	289.432	0
3200	36	289.26	0
3200	37	289.089	0
3200	38	288.92	0
3200	39	288.753	0
3200	40	288.588	0
3200	41	288.425	0
3200	42	288.264	0
3200	43	288.106	0
3200	44	287.951	0
3200	45	287.797	0
3200	46	287.647	0
3200	47	287.499	0
3200	48	287.354	0
3200	49	287.211	0
3200	50	287.072	0
3200	51	286.935	0
3200	52	286.801	0
3200	53	286.67	0
3200	54	286.541	0
3200	55	286.416	0
3200	56	286.293	0
3200	57	286.173	0
3200	58	286.055	0
3200	59	285.941	0
3200	60	285.829	0
3200	61	285.72	0
3200	62	285.614	0
3200	63	285.51	0
3200	64	285.408	0
3200	65	285.31	0
3200	66	285.213	0
3200	67	285.12	0
3200	68	285.028	0
3200	69	284.939	0
3200	70	284.852	0
3200	71	284.767	0
3200	72	284.685	0
3200	73	284.604	0
3200	74	284.526	0
3200	75	284.449	0
3200	76	284.375	0
3200	77	284.302	0
3200	78	284.23	0
3200	79	284.161	0
3200	80	284.093	0
3200	81	284.027	0
3200	82	283.962	0
3200	83	283.898	0
3200	84	283.836	0
3200	85	283.774	0
3200	86	283.714	0
3200	87	283.655	0
3200	88	283.597	0
3200	89	283.54	0
3200	90	283.484	0
3200	91	283.428	0
3200	92	283.373	0
3200	93	283.319	0
3200	94	283.265	0
3200	95	283.212	0
3200	96	283.158	0
3200	97	283.105	0
3200	98	283.053	0
3200	99	283	0

3300	0	283	0
3300	1	294.83	0
3300	2	294.83	0
3300	3	294.407	0
3300	4	293.98	0
3300	5	293.675	0
3300	6	293.491	0
3300	7	293.383	0
3300	8	293.309	0
3300	9	293.242	0
3300	10	293.169	0
3300	11	293.083	0
3300	12	292.987	0
3300	13	292.879	0
3300	14	292.763	0
3300	15	292.64	0
3300	16	292.511	0
3300	17	292.375	0
3300	18	292.235	0
3300	19	292.091	0
3300	20	291.942	0
3300	21	291.79	0
3300	22	291.635	0
3300	23	291.477	0
3300	24	291.317	0
3300	25	291.154	0
3300	26	290.99	0
3300	27	290.825	0
3300	28	290.658	0
3300	29	290.491	0
3300	30	290.324	0
3300	31	290.156	0
3300	32	289.988	0
3300	33	289.821	0
3300	34	289.654	0
3300	35	289.488	0
3300	36	289.323	0
3300	37	289.159	0
3300	38	288.997	0
3300	39	288.835	0
3300	40	288.676	0
3300	41	288.518	0
3300	42	288.362	0
3300	43	288.208	0
3300	44	288.056	0
3300	45	287.906	0
3300	46	287.758	0
3300	47	287.612	0
3300	48	287.469	0
3300	49	287.328	0
3300	50	287.19	0
3300	51	287.054	0
3300	52	286.921	0
3300	53	286.79	0
3300	54	286.662	0
3300	55	286.536	0
3300	56	286.413	0
3300	57	286.292	0
3300	58	286.174	0
3300	59	286.059	0
3300	60	285.946	0
3300	61	285.836	0
3300	62	285.728	0
3300	63	285.622	0
3300	64	285.519	0
3300	65	285.418	0
3300	66	285.32	0
3300	67	285.224	0
3300	68	285.13	0
3300	69	285.038	0
3300	70	284.949	0
3300	71	284.861	0
3300	72	284.776	0
3300	73	284.693	0
3300	74	284.611	0
3300	75	284.532	0
3300	76	284.454	0
3300	77	284.378	0
3300	78	284.304	0
3300	79	284.231	0
3300	80	284.16	0
3300	81	284.09	0
3300	82	284.022	0
3300	83	283.955	0
3300	84	283.889	0
3300	85	283.824	0
3300	86	283.761	0
3300	87	283.698	0
3300	88	283.637	0
3300	89	283.576	0
3300	90	283.516	0
3300	91	283.457	0
3300	92	283.399	0
3300	93	283.341	0
3300	94	283.283	0
3300	95	283.226	0
3300	96	283.169	0
3300	97	283.113	0
3300	98	283.056	0
3300	99	283	0

3400	0	283	0
3400	1	291.283	0
3400	2	292.709	0
3400	3	293.214	0
3400	4	293.27	0
3400	5	293.165	0
3400	6	293.037	0
3400	7	292.934	0
3400	8	292.857	0
3400	9	292.796	0
3400	10	292.739	0
3400	11	292.677	0
3400	12	292.607	0
3400	13	292.528	0
3400	14	292.44	0
3400	15	292.343	0
3400	16	292.238	0
3400	17	292.127	0
3400	18	292.01	0
3400	19	291.887	0
3400	20	291.759	0
3400	21	291.627	0
3400	22	291.49	0
3400	23	291.35	0
3400	24	291.207	0
3400	25	291.061	0
3400	26	290.912	0
3400	27	290.762	0
3400	28	290.609	0
3400	29	290.455	0
3400	30	290.3	0
3400	31	290.144	0
3400	32	289.988	0
3400	33	289.831	0
3400	34	289.674	0
3400	35	289.517	0
3400	36	289.36	0
3400	37	289.204	0
3400	38	289.049	0
3400	39	288.895	0
3400	40	288.741	0
3400	41	288.589	0
3400	42	288.439	0
3400	43	288.289	0
3400	44	288.142	0
3400	45	287.996	0
3400	46	287.851	0
3400	47	287.709	0
3400	48	287.569	0
3400	49	287.43	0
3400	50	287.294	0
3400	51	287.16	0
3400	52	287.028	0
3400	53	286.898	0
3400	54	286.771	0
3400	55	286.646	0
3400	56	286.523	0
3400	57	286.402	0
3400	58	286.284	0
3400	59	286.168	0
3400	60	286.054	0
3400	61	285.943	0
3400	62	285.834	0
3400	63	285.727	0
3400	64	285.623	0
3400	65	285.52	0
3400	66	285.42	0
3400	67	285.322	0
3400	68	285.226	0
3400	69	285.133	0
3400	70	285.041	0
3400	71	284.951	0
3400	72	284.863	0
3400	73	284.777	0
3400	74	284.693	0
3400	75	284.611	0
3400	76	284.531	0
3400	77	284.452	0
3400	78	284.374	0
3400	79	284.299	0
3400	80	284.224	0
3400	81	284.152	0
3400	82	284.08	0
3400	83	284.01	0
3400	84	283.941	0
3400	85	283.873	0
3400	86	283.806	0
3400	87	283.74	0
3400	88	283.675	0
3400	89	283.611	0
3400	90	283.548	0
3400	91	283.485	0
3400	92	283.423	0
3400	93	283.362	0
3400	94	283.301	0
3400	95	283.24	0
3400	96	283.18	0
3400	97	283.12	0
3400	98	283.06	0
3400	99	283	0

3500	0	283	0
3500	1	289.173	0
3500	2	290.654	0
3500	3	291.621	0
3500	4	292.128	0
3500	5	292.336	0
3500	6	292.389	0
3500	7	292.375	0
3500	8	292.342	0
3500	9	292.307	0
3500	10	292.27	0
3500	11	292.231	0
3500	12	292.186	0
3500	13	292.133	0
3500	14	292.071	0
3500	15	292	0
3500	16	291.921	0
3500	17	291.835	0
3500	18	291.741	0
3500	19	291.641	0
3500	20	291.535	0
3500	21	291.423	0
3500	22	291.306	0
3500	23	291.185	0
3500	24	291.06	0
3500	25	290.931	0
3500	26	290.799	0
3500	27	290.664	0
3500	28	290.526	0
3500	29	290.386	0
3500	30	290.245	0
3500	31	290.101	0
3500	32	289.957	0
3500	33	289.811	0
3500	34	289.665	0
3500	35	289.518	0
3500	36	289.371	0
3500	37	289.224	0
3500	38	289.077	0
3500	39	288.93	0
3500	40	288.784	0
3500	41	288.638	0
3500	42	288.494	0
3500	43	288.35	0
3500	44	288.208	0
3500	45	288.066	0
3500	46	287.926	0
3500	47	287.788	0
3500	48	287.651	0
3500	49	287.516	0
3500	50	287.382	0
3500	51	287.251	0
3500	52	287.121	0
3500	53	286.993	0
3500	54	286.867	0
3500	55	286.743	0
3500	56	286.621	0
3500	57	286.501	0
3500	58	286.383	0
3500	59	286.267	0
3500	60	286.153	0
3500	61	286.041	0
3500	62	285.932	0
3500	63	285.824	0
3500	64	285.719	0
3500	65	285.615	0
3500	66	285.514	0
3500	67	285.414	0
3500	68	285.317	0
3500	69	285.221	0
3500	70	285.128	0
3500	71	285.036	0
3500	72	284.946	0
3500	73	284.858	0
3500	74	284.771	0
3500	75	284.687	0
3500	76	284.604	0
3500	77	284.522	0
3500	78	284.442	0
3500	79	284.363	0
3500	80	284.286	0
3500	81	284.211	0
3500	82	284.136	0
3500	83	284.063	0
3500	84	283.991	0
3500	85	283.92	0
3500	86	283.85	0
3500	87	283.781	0
3500	88	283.712	0
3500	89	283.645	0
3500	90	283.578	0
3500	91	283.512	0
3500	92	283.447	0
3500	93	283.382	0
3500	94	283.318	0
3500	95	283.254	0
3500	96	283.19	0
3500	97	283.127	0
3500	98	283.063	0
3500	99	283	0

3600	0	283	0
3600	1	289.809	0
3600	2	289.96	0
3600	3	290.5	0
3600	4	291.012	0
3600	5	291.371	0
3600	6	291.581	0
3600	7	291.688	0
3600	8	291.735	0
3600	9	291.751	0
3600	10	291.751	0
3600	11	291.74	0
3600	12	291.722	0
3600	13	291.695	0
3600	14	291.66	0
3600	15	291.616	0
3600	16	291.562	0
3600	17	291.501	0
3600	18	291.431	0
3600	19	291.354	0
3600	20	291.27	0
3600	21	291.18	0
3600	22	291.084	0
3600	23	290.982	0
3600	24	290.876	0
3600	25	290.765	0
3600	26	290.65	0
3600	27	290.532	0
3600	28	290.41	0
3600	29	290.285	0
3600	30	290.157	0
3600	31	290.028	0
3600	32	289.896	0
3600	33	289.762	0
3600	34	289.628	0
3600	35	289.492	0
3600	36	289.355	0
3600	37	289.217	0
3600	38	289.079	0
3600	39	288.941	0
3600	40	288.803	0
3600	41	288.665	0
3600	42	288.527	0
3600	43	288.39	0
3600	44	288.253	0
3600	45	288.118	0
3600	46	287.983	0
3600	47	287.849	0
3600	48	287.716	0
3600	49	287.585	0
3600	50	287.455	0
3600	51	287.326	0
3600	52	287.199	0
3600	53	287.073	0
3600	54	286.949	0
3600	55	286.827	0
3600	56	286.706	0
3600	57	286.587	0
3600	58	286.47	0
3600	59	286.355	0
3600	60	286.241	0
3600	61	286.13	0
3600	62	286.02	0
3600	63	285.912	0
3600	64	285.806	0
3600	65	285.702	0
3600	66	285.6	0
3600	67	285.499	0
3600	68	285.4	0
3600	69	285.304	0
3600	70	285.208	0
3600	71	285