0.001250 1.000000
0.003750 0.999994
0.006250 0.999981
0.008750 0.999962
0.011250 0.999937
0.013750 0.999905
0.016250 0.999867
0.018750 0.999822
0.021250 0.999772
0.023750 0.999715
0.026250 0.999651
0.028750 0.999582
0.031250 0.999506
0.033750 0.999423
0.036250 0.999334
0.038750 0.999239
0.041250 0.999138
0.043750 0.999030
0.046250 0.998916
0.048750 0.998796
0.051250 0.998669
0.053750 0.998536
0.056250 0.998397
0.058750 0.998251
0.061250 0.998100
0.063750 0.997941
0.066250 0.997777
0.068750 0.997606
0.071250 0.997429
0.073750 0.997246
0.076250 0.997056
0.078750 0.996860
0.081250 0.996658
0.083750 0.996449
0.086250 0.996234
0.088750 0.996013
0.091250 0.995786
0.093750 0.995552
0.096250 0.995312
0.098750 0.995066
0.101250 0.994814
0.103750 0.994555
0.106250 0.994290
0.108750 0.994019
0.111250 0.993742
0.113750 0.993458
0.116250 0.993169
0.118750 0.992873
0.121250 0.992571
0.123750 0.992262
0.126250 0.991948
0.128750 0.991627
0.131250 0.991300
0.133750 0.990967
0.136250 0.990627
0.138750 0.990282
0.141250 0.989930
0.143750 0.989573
0.146250 0.989209
0.148750 0.988839
0.151250 0.988462
0.153750 0.988080
0.156250 0.987692
0.158750 0.987297
0.161250 0.986896
0.163750 0.986490
0.166250 0.986077
0.168750 0.985658
0.171250 0.985233
0.173750 0.984802
0.176250 0.984365
0.178750 0.983921
0.181250 0.983472
0.183750 0.983017
0.186250 0.982556
0.188750 0.982088
0.191250 0.981615
0.193750 0.981136
0.196250 0.980650
0.198750 0.980159
0.201250 0.979662
0.203750 0.979159
0.206250 0.978649
0.208750 0.978134
0.211250 0.977613
0.213750 0.977086
0.216250 0.976553
0.218750 0.976015
0.221250 0.975470
0.223750 0.974919
0.226250 0.974363
0.228750 0.973800
0.231250 0.973232
0.233750 0.972658
0.236250 0.972078
0.238750 0.971493
0.241250 0.970901
0.243750 0.970304
0.246250 0.969701
0.248750 0.969092
0.251250 0.968477
0.253750 0.967857
0.256250 0.967231
0.258750 0.966599
0.261250 0.965961
0.263750 0.965318
0.266250 0.964669
0.268750 0.964014
0.271250 0.963354
0.273750 0.962688
0.276250 0.962016
0.278750 0.961339
0.281250 0.960656
0.283750 0.959967
0.286250 0.959273
0.288750 0.958573
0.291250 0.957868
0.293750 0.957157
0.296250 0.956440
0.298750 0.955718
0.301250 0.954991
0.303750 0.954258
0.306250 0.953519
0.308750 0.952775
0.311250 0.952026
0.313750 0.951271
0.316250 0.950510
0.318750 0.949744
0.321250 0.948973
0.323750 0.948196
0.326250 0.947414
0.328750 0.946627
0.331250 0.945834
0.333750 0.945036
0.336250 0.944233
0.338750 0.943424
0.341250 0.942610
0.343750 0.941790
0.346250 0.940966
0.348750 0.940136
0.351250 0.939301
0.353750 0.938460
0.356250 0.937615
0.358750 0.936764
0.361250 0.935908
0.363750 0.935047
0.366250 0.934180
0.368750 0.933309
0.371250 0.932432
0.373750 0.931551
0.376250 0.930664
0.378750 0.929772
0.381250 0.928875
0.383750 0.927973
0.386250 0.927066
0.388750 0.926154
0.391250 0.925237
0.393750 0.924315
0.396250 0.923388
0.398750 0.922456
0.401250 0.921519
0.403750 0.920578
0.406250 0.919631
0.408750 0.918680
0.411250 0.917723
0.413750 0.916762
0.416250 0.915796
0.418750 0.914825
0.421250 0.913850
0.423750 0.912869
0.426250 0.911884
0.428750 0.910894
0.431250 0.909899
0.433750 0.908900
0.436250 0.907896
0.438750 0.906887
0.441250 0.905874
0.443750 0.904856
0.446250 0.903833
0.448750 0.902806
0.451250 0.901774
0.453750 0.900738
0.456250 0.899697
0.458750 0.898652
0.461250 0.897602
0.463750 0.896547
0.466250 0.895488
0.468750 0.894425
0.471250 0.893357
0.473750 0.892285
0.476250 0.891208
0.478750 0.890127
0.481250 0.889042
0.483750 0.887952
0.486250 0.886858
0.488750 0.885760
0.491250 0.884657
0.493750 0.883550
0.496250 0.882439
0.498750 0.881323
0.501250 0.880204
0.503750 0.879080
0.506250 0.877952
0.508750 0.876820
0.511250 0.875684
0.513750 0.874543
0.516250 0.873399
0.518750 0.872250
0.521250 0.871098
0.523750 0.869941
0.526250 0.868780
0.528750 0.867616
0.531250 0.866447
0.533750 0.865274
0.536250 0.864098
0.538750 0.862918
0.541250 0.861733
0.543750 0.860545
0.546250 0.859353
0.548750 0.858157
0.551250 0.856957
0.553750 0.855754
0.556250 0.854546
0.558750 0.853335
0.561250 0.852121
0.563750 0.850902
0.566250 0.849680
0.568750 0.848454
0.571250 0.847225
0.573750 0.845991
0.576250 0.844755
0.578750 0.843514
0.581250 0.842270
0.583750 0.841023
0.586250 0.839772
0.588750 0.838517
0.591250 0.837259
0.593750 0.835998
0.596250 0.834733
0.598750 0.833465
0.601250 0.832193
0.603750 0.830918
0.606250 0.829639
0.608750 0.828357
0.611250 0.827072
0.613750 0.825784
0.616250 0.824492
0.618750 0.823197
0.621250 0.821899
0.623750 0.820597
0.626250 0.819293
0.628750 0.817985
0.631250 0.816674
0.633750 0.815360
0.636250 0.814043
0.638750 0.812722
0.641250 0.811399
0.643750 0.810073
0.646250 0.808743
0.648750 0.807411
0.651250 0.806076
0.653750 0.804737
0.656250 0.803396
0.658750 0.802052
0.661250 0.800705
0.663750 0.799355
0.666250 0.798002
0.668750 0.796646
0.671250 0.795288
0.673750 0.793927
0.676250 0.792563
0.678750 0.791196
0.681250 0.789827
0.683750 0.788455
0.686250 0.787080
0.688750 0.785702
0.691250 0.784322
0.693750 0.782940
0.696250 0.781554
0.698750 0.780167
0.701250 0.778776
0.703750 0.777383
0.706250 0.775988
0.708750 0.774590
0.711250 0.773190
0.713750 0.771787
0.716250 0.770382
0.718750 0.768974
0.721250 0.767564
0.723750 0.766152
0.726250 0.764738
0.728750 0.763321
0.731250 0.761901
0.733750 0.760480
0.736250 0.759056
0.738750 0.757630
0.741250 0.756202
0.743750 0.754772
0.746250 0.753340
0.748750 0.751905
0.751250 0.750469
0.753750 0.749030
0.756250 0.747589
0.758750 0.746146
0.761250 0.744702
0.763750 0.743255
0.766250 0.741806
0.768750 0.740355
0.771250 0.738903
0.773750 0.737448
0.776250 0.735992
0.778750 0.734533
0.781250 0.733073
0.783750 0.731611
0.786250 0.730147
0.788750 0.728682
0.791250 0.727215
0.793750 0.725746
0.796250 0.724275
0.798750 0.722803
0.801250 0.721328
0.803750 0.719853
0.806250 0.718375
0.808750 0.716897
0.811250 0.715416
0.813750 0.713934
0.816250 0.712450
0.818750 0.710965
0.821250 0.709479
0.823750 0.707991
0.826250 0.706501
0.828750 0.705010
0.831250 0.703518
0.833750 0.702024
0.836250 0.700529
0.838750 0.699033
0.841250 0.697535
0.843750 0.696036
0.846250 0.694536
0.848750 0.693034
0.851250 0.691531
0.853750 0.690027
0.856250 0.688522
0.858750 0.687016
0.861250 0.685508
0.863750 0.684000
0.866250 0.682490
0.868750 0.680979
0.871250 0.679467
0.873750 0.677955
0.876250 0.676441
0.878750 0.674926
0.881250 0.673410
0.883750 0.671893
0.886250 0.670375
0.888750 0.668857
0.891250 0.667337
0.893750 0.665817
0.896250 0.664296
0.898750 0.662774
0.901250 0.661251
0.903750 0.659727
0.906250 0.658203
0.908750 0.656678
0.911250 0.655152
0.913750 0.653625
0.916250 0.652098
0.918750 0.650570
0.921250 0.649042
0.923750 0.647512
0.926250 0.645983
0.928750 0.644452
0.931250 0.642922
0.933750 0.641390
0.936250 0.639858
0.938750 0.638326
0.941250 0.636793
0.943750 0.635260
0.946250 0.633726
0.948750 0.632192
0.951250 0.630657
0.953750 0.629122
0.956250 0.627587
0.958750 0.626052
0.961250 0.624516
0.963750 0.622980
0.966250 0.621443
0.968750 0.619906
0.971250 0.618369
0.973750 0.616832
0.976250 0.615295
0.978750 0.613758
0.981250 0.612220
0.983750 0.610682
0.986250 0.609144
0.988750 0.607606
0.991250 0.606068
0.993750 0.604530
0.996250 0.602992
0.998750 0.601454
1.001250 0.599916
1.003750 0.598378
1.006250 0.596840
1.008750 0.595302
1.011250 0.593764
1.013750 0.592227
1.016250 0.590689
1.018750 0.589152
1.021250 0.587614
1.023750 0.586077
1.026250 0.584540
1.028750 0.583004
1.031250 0.581467
1.033750 0.579931
1.036250 0.578395
1.038750 0.576860
1.041250 0.575324
1.043750 0.573789
1.046250 0.572255
1.048750 0.570721
1.051250 0.569187
1.053750 0.567653
1.056250 0.566120
1.058750 0.564588
1.061250 0.563056
1.063750 0.561524
1.066250 0.559993
1.068750 0.558462
1.071250 0.556932
1.073750 0.555403
1.076250 0.553874
1.078750 0.552346
1.081250 0.550818
1.083750 0.549291
1.086250 0.547764
1.088750 0.546238
1.091250 0.544713
1.093750 0.543189
1.096250 0.541665
1.098750 0.540142
1.101250 0.538620
1.103750 0.537099
1.106250 0.535578
1.108750 0.534058
1.111250 0.532539
1.113750 0.531021
1.116250 0.529503
1.118750 0.527987
1.121250 0.526471
1.123750 0.524957
1.126250 0.523443
1.128750 0.521930
1.131250 0.520418
1.133750 0.518907
1.136250 0.517397
1.138750 0.515888
1.141250 0.514380
1.143750 0.512874
1.146250 0.511368
1.148750 0.509863
1.151250 0.508359
1.153750 0.506857
1.156250 0.505355
1.158750 0.503855
1.161250 0.502356
1.163750 0.500858
1.166250 0.499361
1.168750 0.497865
1.171250 0.496371
1.173750 0.494877
1.176250 0.493385
1.178750 0.491895
1.181250 0.490405
1.183750 0.488917
1.186250 0.487430
1.188750 0.485945
1.191250 0.484461
1.193750 0.482978
1.196250 0.481496
1.198750 0.480016
1.201250 0.478537
1.203750 0.477060
1.206250 0.475584
1.208750 0.474110
1.211250 0.472637
1.213750 0.471165
1.216250 0.469695
1.218750 0.468226
1.221250 0.466759
1.223750 0.465294
1.226250 0.463830
1.228750 0.462367
1.231250 0.460906
1.233750 0.459447
1.236250 0.457989
1.238750 0.456533
1.241250 0.455078
1.243750 0.453626
1.246250 0.452174
1.248750 0.450725
1.251250 0.449277
1.253750 0.447831
1.256250 0.446386
1.258750 0.444943
1.261250 0.443502
1.263750 0.442063
1.266250 0.440625
1.268750 0.439189
1.271250 0.437755
1.273750 0.436323
1.276250 0.434892
1.278750 0.433464
1.281250 0.432037
1.283750 0.430612
1.286250 0.429189
1.288750 0.427768
1.291250 0.426348
1.293750 0.424931
1.296250 0.423515
1.298750 0.422101
1.301250 0.420689
1.303750 0.419280
1.306250 0.417872
1.308750 0.416466
1.311250 0.415062
1.313750 0.413660
1.316250 0.412260
1.318750 0.410862
1.321250 0.409466
1.323750 0.408072
1.326250 0.406680
1.328750 0.405290
1.331250 0.403902
1.333750 0.402517
1.336250 0.401133
1.338750 0.399751
1.341250 0.398372
1.343750 0.396995
1.346250 0.395619
1.348750 0.394246
1.351250 0.392875
1.353750 0.391506
1.356250 0.390140
1.358750 0.388775
1.361250 0.387413
1.363750 0.386053
1.366250 0.384695
1.368750 0.383340
1.371250 0.381986
1.373750 0.380635
1.376250 0.379286
1.378750 0.377939
1.381250 0.376595
1.383750 0.375253
1.386250 0.373913
1.388750 0.372576
1.391250 0.371240
1.393750 0.369907
1.396250 0.368577
1.398750 0.367248
1.401250 0.365922
1.403750 0.364599
1.406250 0.363278
1.408750 0.361959
1.411250 0.360642
1.413750 0.359328
1.416250 0.358016
1.418750 0.356707
1.421250 0.355400
1.423750 0.354096
1.426250 0.352793
1.428750 0.351494
1.431250 0.350197
1.433750 0.348902
1.436250 0.347609
1.438750 0.346320
1.441250 0.345032
1.443750 0.343747
1.446250 0.342465
1.448750 0.341185
1.451250 0.339907
1.453750 0.338632
1.456250 0.337360
1.458750 0.336090
1.461250 0.334823
1.463750 0.333558
1.466250 0.332296
1.468750 0.331036
1.471250 0.329779
1.473750 0.328524
1.476250 0.327272
1.478750 0.326023
1.481250 0.324776
1.483750 0.323531
1.486250 0.322290
1.488750 0.321051
1.491250 0.319814
1.493750 0.318580
1.496250 0.317349
1.498750 0.316120
1.501250 0.314894
1.503750 0.313671
1.506250 0.312450
1.508750 0.311232
1.511250 0.310017
1.513750 0.308804
1.516250 0.307594
1.518750 0.306387
1.521250 0.305182
1.523750 0.303980
1.526250 0.302780
1.528750 0.301584
1.531250 0.300390
1.533750 0.299199
1.536250 0.298010
1.538750 0.296824
1.541250 0.295641
1.543750 0.294461
1.546250 0.293283
1.548750 0.292108
1.551250 0.290936
1.553750 0.289766
1.556250 0.288600
1.558750 0.287436
1.561250 0.286274
1.563750 0.285116
1.566250 0.283960
1.568750 0.282807
1.571250 0.281657
1.573750 0.280510
1.576250 0.279365
1.578750 0.278223
1.581250 0.277084
1.583750 0.275948
1.586250 0.274815
1.588750 0.273684
1.591250 0.272556
1.593750 0.271431
1.596250 0.270309
1.598750 0.269190
1.601250 0.268073
1.603750 0.266959
1.606250 0.265848
1.608750 0.264740
1.611250 0.263635
1.613750 0.262532
1.616250 0.261433
1.618750 0.260336
1.621250 0.259242
1.623750 0.258151
1.626250 0.257062
1.628750 0.255977
1.631250 0.254894
1.633750 0.253814
1.636250 0.252737
1.638750 0.251663
1.641250 0.250592
1.643750 0.249524
1.646250 0.248458
1.648750 0.247396
1.651250 0.246336
1.653750 0.245279
1.656250 0.244225
1.658750 0.243174
1.661250 0.242125
1.663750 0.241080
1.666250 0.240037
1.668750 0.238998
1.671250 0.237961
1.673750 0.236927
1.676250 0.235896
1.678750 0.234868
1.681250 0.233842
1.683750 0.232820
1.686250 0.231800
1.688750 0.230784
1.691250 0.229770
1.693750 0.228759
1.696250 0.227751
1.698750 0.226746
1.701250 0.225744
1.703750 0.224744
1.706250 0.223748
1.708750 0.222754
1.711250 0.221764
1.713750 0.220776
1.716250 0.219791
1.718750 0.218809
1.721250 0.217830
1.723750 0.216854
1.726250 0.215881
1.728750 0.214910
1.731250 0.213943
1.733750 0.212978
1.736250 0.212016
1.738750 0.211057
1.741250 0.210101
1.743750 0.209148
1.746250 0.208198
1.748750 0.207251
1.751250 0.206306
1.753750 0.205365
1.756250 0.204426
1.758750 0.203491
1.761250 0.202558
1.763750 0.201628
1.766250 0.200701
1.768750 0.199776
1.771250 0.198855
1.773750 0.197937
1.776250 0.197021
1.778750 0.196108
1.781250 0.195199
1.783750 0.194292
1.786250 0.193388
1.788750 0.192487
1.791250 0.191588
1.793750 0.190693
1.796250 0.189800
1.798750 0.188911
1.801250 0.188024
1.803750 0.187140
1.806250 0.186259
1.808750 0.185381
1.811250 0.184505
1.813750 0.183633
1.816250 0.182763
1.818750 0.181897
1.821250 0.181033
1.823750 0.180172
1.826250 0.179313
1.828750 0.178458
1.831250 0.177606
1.833750 0.176756
1.836250 0.175909
1.838750 0.175065
1.841250 0.174224
1.843750 0.173386
1.846250 0.172550
1.848750 0.171718
1.851250 0.170888
1.853750 0.170061
1.856250 0.169237
1.858750 0.168415
1.861250 0.167597
1.863750 0.166781
1.866250 0.165968
1.868750 0.165158
1.871250 0.164351
1.873750 0.163547
1.876250 0.162745
1.878750 0.161946
1.881250 0.161150
1.883750 0.160357
1.886250 0.159567
1.888750 0.158779
1.891250 0.157994
1.893750 0.157212
1.896250 0.156433
1.898750 0.155656
1.901250 0.154882
1.903750 0.154111
1.906250 0.153343
1.908750 0.152578
1.911250 0.151815
1.913750 0.151055
1.916250 0.150298
1.918750 0.149543
1.921250 0.148792
1.923750 0.148043
1.926250 0.147297
1.928750 0.146553
1.931250 0.145812
1.933750 0.145074
1.936250 0.144339
1.938750 0.143607
1.941250 0.142877
1.943750 0.142150
1.946250 0.141425
1.948750 0.140703
1.951250 0.139984
1.953750 0.139268
1.956250 0.138554
1.958750 0.137843
1.961250 0.137135
1.963750 0.136430
1.966250 0.135727
1.968750 0.135027
1.971250 0.134329
1.973750 0.133634
1.976250 0.132942
1.978750 0.132252
1.981250 0.131565
1.983750 0.130881
1.986250 0.130199
1.988750 0.129520
1.991250 0.128844
1.993750 0.128170
1.996250 0.127499
1.998750 0.126831
2.001250 0.126165
2.003750 0.125502
2.006250 0.124841
2.008750 0.124183
2.011250 0.123527
2.013750 0.122874
2.016250 0.122224
2.018750 0.121577
2.021250 0.120931
2.023750 0.120289
2.026250 0.119649
2.028750 0.119011
2.031250 0.118377
2.033750 0.117744
2.036250 0.117115
2.038750 0.116487
2.041250 0.115863
2.043750 0.115241
2.046250 0.114621
2.048750 0.114004
2.051250 0.113389
2.053750 0.112777
2.056250 0.112168
2.058750 0.111561
2.061250 0.110956
2.063750 0.110354
2.066250 0.109754
2.068750 0.109157
2.071250 0.108563
2.073750 0.107971
2.076250 0.107381
2.078750 0.106794
2.081250 0.106209
2.083750 0.105627
2.086250 0.105047
2.088750 0.104470
2.091250 0.103895
2.093750 0.103322
2.096250 0.102752
2.098750 0.102184
2.101250 0.101619
2.103750 0.101056
2.106250 0.100496
2.108750 0.099938
2.111250 0.099382
2.113750 0.098829
2.116250 0.098278
2.118750 0.097729
2.121250 0.097183
2.123750 0.096639
2.126250 0.096098
2.128750 0.095559
2.131250 0.095022
2.133750 0.094487
2.136250 0.093955
2.138750 0.093425
2.141250 0.092898
2.143750 0.092373
2.146250 0.091850
2.148750 0.091330
2.151250 0.090811
2.153750 0.090296
2.156250 0.089782
2.158750 0.089271
2.161250 0.088762
2.163750 0.088255
2.166250 0.087750
2.168750 0.087248
2.171250 0.086748
2.173750 0.086250
2.176250 0.085755
2.178750 0.085261
2.181250 0.084770
2.183750 0.084281
2.186250 0.083795
2.188750 0.083310
2.191250 0.082828
2.193750 0.082348
2.196250 0.081870
2.198750 0.081395
2.201250 0.080921
2.203750 0.080450
2.206250 0.079981
2.208750 0.079514
2.211250 0.079049
2.213750 0.078587
2.216250 0.078126
2.218750 0.077668
2.221250 0.077212
2.223750 0.076757
2.226250 0.076305
2.228750 0.075856
2.231250 0.075408
2.233750 0.074962
2.236250 0.074519
2.238750 0.074077
2.241250 0.073638
2.243750 0.073201
2.246250 0.072765
2.248750 0.072332
2.251250 0.071901
2.253750 0.071472
2.256250 0.071045
2.258750 0.070620
2.261250 0.070197
2.263750 0.069776
2.266250 0.069357
2.268750 0.068940
2.271250 0.068526
2.273750 0.068113
2.276250 0.067702
2.278750 0.067293
2.281250 0.066886
2.283750 0.066481
2.286250 0.066078
2.288750 0.065677
2.291250 0.065278
2.293750 0.064881
2.296250 0.064486
2.298750 0.064093
2.301250 0.063702
2.303750 0.063312
2.306250 0.062925
2.308750 0.062540
2.311250 0.062156
2.313750 0.061774
2.316250 0.061395
2.318750 0.061017
2.321250 0.060641
2.323750 0.060267
2.326250 0.059894
2.328750 0.059524
2.331250 0.059155
2.333750 0.058789
2.336250 0.058424
2.338750 0.058061
2.341250 0.057700
2.343750 0.057341
2.346250 0.056983
2.348750 0.056627
2.351250 0.056274
2.353750 0.055921
2.356250 0.055571
2.358750 0.055223
2.361250 0.054876
2.363750 0.054531
2.366250 0.054188
2.368750 0.053847
2.371250 0.053507
2.373750 0.053169
2.376250 0.052833
2.378750 0.052499
2.381250 0.052166
2.383750 0.051835
2.386250 0.051506
2.388750 0.051178
2.391250 0.050853
2.393750 0.050528
2.396250 0.050206
2.398750 0.049885
2.401250 0.049566
2.403750 0.049249
2.406250 0.048933
2.408750 0.048619
2.411250 0.048307
2.413750 0.047996
2.416250 0.047687
2.418750 0.047380
2.421250 0.047074
2.423750 0.046770
2.426250 0.046468
2.428750 0.046167
2.431250 0.045867
2.433750 0.045570
2.436250 0.045274
2.438750 0.044979
2.441250 0.044686
2.443750 0.044395
2.446250 0.044105
2.448750 0.043817
2.451250 0.043530
2.453750 0.043245
2.456250 0.042962
2.458750 0.042680
2.461250 0.042399
2.463750 0.042121
2.466250 0.041843
2.468750 0.041567
2.471250 0.041293
2.473750 0.041020
2.476250 0.040749
2.478750 0.040479
2.481250 0.040211
2.483750 0.039944
2.486250 0.039678
2.488750 0.039414
2.491250 0.039152
2.493750 0.038891
2.496250 0.038631
2.498750 0.038373
2.501250 0.038117
2.503750 0.037861
2.506250 0.037608
2.508750 0.037355
2.511250 0.037104
2.513750 0.036855
2.516250 0.036607
2.518750 0.036360
2.521250 0.036115
2.523750 0.035871
2.526250 0.035628
2.528750 0.035387
2.531250 0.035147
2.533750 0.034909
2.536250 0.034672
2.538750 0.034436
2.541250 0.034201
2.543750 0.033968
2.546250 0.033737
2.548750 0.033506
2.551250 0.033277
2.553750 0.033049
2.556250 0.032823
2.558750 0.032598
2.561250 0.032374
2.563750 0.032151
2.566250 0.031930
2.568750 0.031710
2.571250 0.031492
2.573750 0.031274
2.576250 0.031058
2.578750 0.030843
2.581250 0.030630
2.583750 0.030417
2.586250 0.030206
2.588750 0.029996
2.591250 0.029788
2.593750 0.029580
2.596250 0.029374
2.598750 0.029169
2.601250 0.028965
2.603750 0.028763
2.606250 0.028561
2.608750 0.028361
2.611250 0.028162
2.613750 0.027965
2.616250 0.027768
2.618750 0.027573
2.621250 0.027378
2.623750 0.027185
2.626250 0.026993
2.628750 0.026802
2.631250 0.026613
2.633750 0.026424
2.636250 0.026237
2.638750 0.026051
2.641250 0.025866
2.643750 0.025682
2.646250 0.025499
2.648750 0.025317
2.651250 0.025137
2.653750 0.024957
2.656250 0.024779
2.658750 0.024601
2.661250 0.024425
2.663750 0.024250
2.666250 0.024076
2.668750 0.023903
2.671250 0.023731
2.673750 0.023560
2.676250 0.023390
2.678750 0.023221
2.681250 0.023053
2.683750 0.022886
2.686250 0.022721
2.688750 0.022556
2.691250 0.022392
2.693750 0.022230
2.696250 0.022068
2.698750 0.021908
2.701250 0.021748
2.703750 0.021589
2.706250 0.021432
2.708750 0.021275
2.711250 0.021119
2.713750 0.020965
2.716250 0.020811
2.718750 0.020658
2.721250 0.020507
2.723750 0.020356
2.726250 0.020206
2.728750 0.020057
2.731250 0.019909
2.733750 0.019762
2.736250 0.019616
2.738750 0.019471
2.741250 0.019327
2.743750 0.019183
2.746250 0.019041
2.748750 0.018900
2.751250 0.018759
2.753750 0.018619
2.756250 0.018481
2.758750 0.018343
2.761250 0.018206
2.763750 0.018070
2.766250 0.017934
2.768750 0.017800
2.771250 0.017667
2.773750 0.017534
2.776250 0.017402
2.778750 0.017271
2.781250 0.017141
2.783750 0.017012
2.786250 0.016884
2.788750 0.016756
2.791250 0.016630
2.793750 0.016504
2.796250 0.016379
2.798750 0.016255
2.801250 0.016131
2.803750 0.016009
2.806250 0.015887
2.808750 0.015766
2.811250 0.015646
2.813750 0.015527
2.816250 0.015408
2.818750 0.015290
2.821250 0.015173
2.823750 0.015057
2.826250 0.014942
2.828750 0.014827
2.831250 0.014713
2.833750 0.014600
2.836250 0.014488
2.838750 0.014376
2.841250 0.014265
2.843750 0.014155
2.846250 0.014046
2.848750 0.013937
2.851250 0.013829
2.853750 0.013722
2.856250 0.013616
2.858750 0.013510
2.861250 0.013405
2.863750 0.013301
2.866250 0.013197
2.868750 0.013094
2.871250 0.012992
2.873750 0.012890
2.876250 0.012790
2.878750 0.012690
2.881250 0.012590
2.883750 0.012491
2.886250 0.012393
2.888750 0.012296
2.891250 0.012199
2.893750 0.012103
2.896250 0.012008
2.898750 0.011913
2.901250 0.011819
2.903750 0.011726
2.906250 0.011633
2.908750 0.011541
2.911250 0.011449
2.913750 0.011358
2.916250 0.011268
2.918750 0.011179
2.921250 0.011090
2.923750 0.011001
2.926250 0.010914
2.928750 0.010826
2.931250 0.010740
2.933750 0.010654
2.936250 0.010569
2.938750 0.010484
2.941250 0.010400
2.943750 0.010316
2.946250 0.010234
2.948750 0.010151
2.951250 0.010070
2.953750 0.009988
2.956250 0.009908
2.958750 0.009828
2.961250 0.009748
2.963750 0.009670
2.966250 0.009591
2.968750 0.009513
2.971250 0.009436
2.973750 0.009360
2.976250 0.009284
2.978750 0.009208
2.981250 0.009133
2.983750 0.009059
2.986250 0.008985
2.988750 0.008911
2.991250 0.008838
2.993750 0.008766
2.996250 0.008694
2.998750 0.008623
3.001250 0.008552
3.003750 0.008482
3.006250 0.008412
3.008750 0.008343
3.011250 0.008274
3.013750 0.008206
3.016250 0.008138
3.018750 0.008071
3.021250 0.008004
3.023750 0.007938
3.026250 0.007872
3.028750 0.007807
3.031250 0.007742
3.033750 0.007678
3.036250 0.007614
3.038750 0.007551
3.041250 0.007488
3.043750 0.007425
3.046250 0.007363
3.048750 0.007302
3.051250 0.007241
3.053750 0.007180
3.056250 0.007120
3.058750 0.007060
3.061250 0.007001
3.063750 0.006942
3.066250 0.006884
3.068750 0.006826
3.071250 0.006768
3.073750 0.006711
3.076250 0.006654
3.078750 0.006598
3.081250 0.006542
3.083750 0.006487
3.086250 0.006432
3.088750 0.006377
3.091250 0.006323
3.093750 0.006270
3.096250 0.006216
3.098750 0.006163
3.101250 0.006111
3.103750 0.006059
3.106250 0.006007
3.108750 0.005956
3.111250 0.005905
3.113750 0.005854
3.116250 0.005804
3.118750 0.005754
3.121250 0.005705
3.123750 0.005656
3.126250 0.005607
3.128750 0.005559
3.131250 0.005511
3.133750 0.005463
3.136250 0.005416
3.138750 0.005369
3.141250 0.005323
3.143750 0.005277
3.146250 0.005231
3.148750 0.005186
3.151250 0.005141
3.153750 0.005096
3.156250 0.005052
3.158750 0.005008
3.161250 0.004964
3.163750 0.004921
3.166250 0.004878
3.168750 0.004835
3.171250 0.004793
3.173750 0.004751
3.176250 0.004709
3.178750 0.004668
3.181250 0.004627
3.183750 0.004587
3.186250 0.004546
3.188750 0.004506
3.191250 0.004467
3.193750 0.004427
3.196250 0.004388
3.198750 0.004349
3.201250 0.004311
3.203750 0.004273
3.206250 0.004235
3.208750 0.004197
3.211250 0.004160
3.213750 0.004123
3.216250 0.004087
3.218750 0.004050
3.221250 0.004014
3.223750 0.003978
3.226250 0.003943
3.228750 0.003908
3.231250 0.003873
3.233750 0.003838
3.236250 0.003804
3.238750 0.003770
3.241250 0.003736
3.243750 0.003702
3.246250 0.003669
3.248750 0.003636
3.251250 0.003603
3.253750 0.003571
3.256250 0.003539
3.258750 0.003507
3.261250 0.003475
3.263750 0.003444
3.266250 0.003412
3.268750 0.003382
3.271250 0.003351
3.273750 0.003320
3.276250 0.003290
3.278750 0.003260
3.281250 0.003231
3.283750 0.003201
3.286250 0.003172
3.288750 0.003143
3.291250 0.003115
3.293750 0.003086
3.296250 0.003058
3.298750 0.003030
3.301250 0.003002
3.303750 0.002975
3.306250 0.002947
3.308750 0.002920
3.311250 0.002893
3.313750 0.002867
3.316250 0.002840
3.318750 0.002814
3.321250 0.002788
3.323750 0.002762
3.326250 0.002737
3.328750 0.002712
3.331250 0.002686
3.333750 0.002662
3.336250 0.002637
3.338750 0.002612
3.341250 0.002588
3.343750 0.002564
3.346250 0.002540
3.348750 0.002516
3.351250 0.002493
3.353750 0.002470
3.356250 0.002447
3.358750 0.002424
3.361250 0.002401
3.363750 0.002379
3.366250 0.002356
3.368750 0.002334
3.371250 0.002312
3.373750 0.002291
3.376250 0.002269
3.378750 0.002248
3.381250 0.002226
3.383750 0.002205
3.386250 0.002185
3.388750 0.002164
3.391250 0.002144
3.393750 0.002123
3.396250 0.002103
3.398750 0.002083
3.401250 0.002063
3.403750 0.002044
3.406250 0.002024
3.408750 0.002005
3.411250 0.001986
3.413750 0.001967
3.416250 0.001948
3.418750 0.001930
3.421250 0.001911
3.423750 0.001893
3.426250 0.001875
3.428750 0.001857
3.431250 0.001839
3.433750 0.001822
3.436250 0.001804
3.438750 0.001787
3.441250 0.001770
3.443750 0.001752
3.446250 0.001736
3.448750 0.001719
3.451250 0.001702
3.453750 0.001686
3.456250 0.001670
3.458750 0.001653
3.461250 0.001637
3.463750 0.001621
3.466250 0.001606
3.468750 0.001590
3.471250 0.001575
3.473750 0.001559
3.476250 0.001544
3.478750 0.001529
3.481250 0.001514
3.483750 0.001499
3.486250 0.001485
3.488750 0.001470
3.491250 0.001456
3.493750 0.001442
3.496250 0.001427
3.498750 0.001413
3.501250 0.001400
3.503750 0.001386
3.506250 0.001372
3.508750 0.001359
3.511250 0.001345
3.513750 0.001332
3.516250 0.001319
3.518750 0.001306
3.521250 0.001293
3.523750 0.001280
3.526250 0.001267
3.528750 0.001255
3.531250 0.001242
3.533750 0.001230
3.536250 0.001218
3.538750 0.001206
3.541250 0.001194
3.543750 0.001182
3.546250 0.001170
3.548750 0.001158
3.551250 0.001147
3.553750 0.001135
3.556250 0.001124
3.558750 0.001113
3.561250 0.001102
3.563750 0.001091
3.566250 0.001080
3.568750 0.001069
3.571250 0.001058
3.573750 0.001047
3.576250 0.001037
3.578750 0.001026
3.581250 0.001016
3.583750 0.001006
3.586250 0.000996
3.588750 0.000986
3.591250 0.000976
3.593750 0.000966
3.596250 0.000956
3.598750 0.000946
3.601250 0.000937
3.603750 0.000927
3.606250 0.000918
3.608750 0.000908
3.611250 0.000899
3.613750 0.000890
3.616250 0.000881
3.618750 0.000872
3.621250 0.000863
3.623750 0.000854
3.626250 0.000845
3.628750 0.000837
3.631250 0.000828
3.633750 0.000820
3.636250 0.000811
3.638750 0.000803
3.641250 0.000795
3.643750 0.000786
3.646250 0.000778
3.648750 0.000770
3.651250 0.000762
3.653750 0.000754
3.656250 0.000747
3.658750 0.000739
3.661250 0.000731
3.663750 0.000724
3.666250 0.000716
3.668750 0.000709
3.671250 0.000701
3.673750 0.000694
3.676250 0.000687
3.678750 0.000680
3.681250 0.000673
3.683750 0.000666
3.686250 0.000659
3.688750 0.000652
3.691250 0.000645
3.693750 0.000638
3.696250 0.000632
3.698750 0.000625
3.701250 0.000618
3.703750 0.000612
3.706250 0.000605
3.708750 0.000599
3.711250 0.000593
3.713750 0.000587
3.716250 0.000580
3.718750 0.000574
3.721250 0.000568
3.723750 0.000562
3.726250 0.000556
3.728750 0.000550
3.731250 0.000544
3.733750 0.000539
3.736250 0.000533
3.738750 0.000527
3.741250 0.000522
3.743750 0.000516
3.746250 0.000511
3.748750 0.000505
3.751250 0.000500
3.753750 0.000495
3.756250 0.000489
3.758750 0.000484
3.761250 0.000479
3.763750 0.000474
3.766250 0.000469
3.768750 0.000464
3.771250 0.000459
3.773750 0.000454
3.776250 0.000449
3.778750 0.000444
3.781250 0.000439
3.783750 0.000434
3.786250 0.000430
3.788750 0.000425
3.791250 0.000421
3.793750 0.000416
3.796250 0.000412
3.798750 0.000407
3.801250 0.000403
3.803750 0.000398
3.806250 0.000394
3.808750 0.000390
3.811250 0.000385
3.813750 0.000381
3.816250 0.000377
3.818750 0.000373
3.821250 0.000369
3.823750 0.000365
3.826250 0.000361
3.828750 0.000357
3.831250 0.000353
3.833750 0.000349
3.836250 0.000345
3.838750 0.000342
3.841250 0.000338
3.843750 0.000334
3.846250 0.000330
3.848750 0.000327
3.851250 0.000323
3.853750 0.000320
3.856250 0.000316
3.858750 0.000313
3.861250 0.000309
3.863750 0.000306
3.866250 0.000302
3.868750 0.000299
3.871250 0.000296
3.873750 0.000292
3.876250 0.000289
3.878750 0.000286
3.881250 0.000283
3.883750 0.000280
3.886250 0.000277
3.888750 0.000273
3.891250 0.000270
3.893750 0.000267
3.896250 0.000264
3.898750 0.000261
3.901250 0.000259
3.903750 0.000256
3.906250 0.000253
3.908750 0.000250
3.911250 0.000247
3.913750 0.000244
3.916250 0.000242
3.918750 0.000239
3.921250 0.000236
3.923750 0.000234
3.926250 0.000231
3.928750 0.000228
3.931250 0.000226
3.933750 0.000223
3.936250 0.000221
3.938750 0.000218
3.941250 0.000216
3.943750 0.000213
3.946250 0.000211
3.948750 0.000208
3.951250 0.000206
3.953750 0.000204
3.956250 0.000201
3.958750 0.000199
3.961250 0.000197
3.963750 0.000195
3.966250 0.000192
3.968750 0.000190
3.971250 0.000188
3.973750 0.000186
3.976250 0.000184
3.978750 0.000182
3.981250 0.000180
3.983750 0.000177
3.986250 0.000175
3.988750 0.000173
3.991250 0.000171
3.993750 0.000169
3.996250 0.000168
3.998750 0.000166
4.001250 0.000164
4.003750 0.000162
4.006250 0.000160
4.008750 0.000158
4.011250 0.000156
4.013750 0.000154
4.016250 0.000153
4.018750 0.000151
4.021250 0.000149
4.023750 0.000147
4.026250 0.000146
4.028750 0.000144
4.031250 0.000142
4.033750 0.000141
4.036250 0.000139
4.038750 0.000137
4.041250 0.000136
4.043750 0.000134
4.046250 0.000133
4.048750 0.000131
4.051250 0.000130
4.053750 0.000128
4.056250 0.000127
4.058750 0.000125
4.061250 0.000124
4.063750 0.000122
4.066250 0.000121
4.068750 0.000119
4.071250 0.000118
4.073750 0.000116
4.076250 0.000115
4.078750 0.000114
4.081250 0.000112
4.083750 0.000111
4.086250 0.000110
4.088750 0.000108
4.091250 0.000107
4.093750 0.000106
4.096250 0.000105
4.098750 0.000103
4.101250 0.000102
4.103750 0.000101
4.106250 0.000100
4.108750 0.000099
4.111250 0.000097
4.113750 0.000096
4.116250 0.000095
4.118750 0.000094
4.121250 0.000093
4.123750 0.000092
4.126250 0.000091
4.128750 0.000089
4.131250 0.000088
4.133750 0.000087
4.136250 0.000086
4.138750 0.000085
4.141250 0.000084
4.143750 0.000083
4.146250 0.000082
4.148750 0.000081
4.151250 0.000080
4.153750 0.000079
4.156250 0.000078
4.158750 0.000077
4.161250 0.000076
4.163750 0.000076
4.166250 0.000075
4.168750 0.000074
4.171250 0.000073
4.173750 0.000072
4.176250 0.000071
4.178750 0.000070
4.181250 0.000069
4.183750 0.000068
4.186250 0.000068
4.188750 0.000067
4.191250 0.000066
4.193750 0.000065
4.196250 0.000064
4.198750 0.000064
4.201250 0.000063
4.203750 0.000062
4.206250 0.000061
4.208750 0.000061
4.211250 0.000060
4.213750 0.000059
4.216250 0.000058
4.218750 0.000058
4.221250 0.000057
4.223750 0.000056
4.226250 0.000056
4.228750 0.000055
4.231250 0.000054
4.233750 0.000053
4.236250 0.000053
4.238750 0.000052
4.241250 0.000052
4.243750 0.000051
4.246250 0.000050
4.248750 0.000050
4.251250 0.000049
4.253750 0.000048
4.256250 0.000048
4.258750 0.000047
4.261250 0.000047
4.263750 0.000046
4.266250 0.000045
4.268750 0.000045
4.271250 0.000044
4.273750 0.000044
4.276250 0.000043
4.278750 0.000043
4.281250 0.000042
4.283750 0.000042
4.286250 0.000041
4.288750 0.000041
4.291250 0.000040
4.293750 0.000040
4.296250 0.000039
4.298750 0.000039
4.301250 0.000038
4.303750 0.000038
4.306250 0.000037
4.308750 0.000037
4.311250 0.000036
4.313750 0.000036
4.316250 0.000035
4.318750 0.000035
4.321250 0.000034
4.323750 0.000034
4.326250 0.000034
4.328750 0.000033
4.331250 0.000033
4.333750 0.000032
4.336250 0.000032
4.338750 0.000031
4.341250 0.000031
4.343750 0.000031
4.346250 0.000030
4.348750 0.000030
4.351250 0.000029
4.353750 0.000029
4.356250 0.000029
4.358750 0.000028
4.361250 0.000028
4.363750 0.000028
4.366250 0.000027
4.368750 0.000027
4.371250 0.000027
4.373750 0.000026
4.376250 0.000026
4.378750 0.000026
4.381250 0.000025
4.383750 0.000025
4.386250 0.000025
4.388750 0.000024
4.391250 0.000024
4.393750 0.000024
4.396250 0.000023
4.398750 0.000023
4.401250 0.000023
4.403750 0.000022
4.406250 0.000022
4.408750 0.000022
4.411250 0.000022
4.413750 0.000021
4.416250 0.000021
4.418750 0.000021
4.421250 0.000020
4.423750 0.000020
4.426250 0.000020
4.428750 0.000020
4.431250 0.000019
4.433750 0.000019
4.436250 0.000019
4.438750 0.000019
4.441250 0.000018
4.443750 0.000018
4.446250 0.000018
4.448750 0.000018
4.451250 0.000017
4.453750 0.000017
4.456250 0.000017
4.458750 0.000017
4.461250 0.000017
4.463750 0.000016
4.466250 0.000016
4.468750 0.000016
4.471250 0.000016
4.473750 0.000015
4.476250 0.000015
4.478750 0.000015
4.481250 0.000015
4.483750 0.000015
4.486250 0.000014
4.488750 0.000014
4.491250 0.000014
4.493750 0.000014
4.496250 0.000014
4.498750 0.000014
4.501250 0.000013
4.503750 0.000013
4.506250 0.000013
4.508750 0.000013
4.511250 0.000013
4.513750 0.000013
4.516250 0.000012
4.518750 0.000012
4.521250 0.000012
4.523750 0.000012
4.526250 0.000012
4.528750 0.000012
4.531250 0.000011
4.533750 0.000011
4.536250 0.000011
4.538750 0.000011
4.541250 0.000011
4.543750 0.000011
4.546250 0.000010
4.548750 0.000010
4.551250 0.000010
4.553750 0.000010
4.556250 0.000010
4.558750 0.000010
4.561250 0.000010
4.563750 0.000010
4.566250 0.000009
4.568750 0.000009
4.571250 0.000009
4.573750 0.000009
4.576250 0.000009
4.578750 0.000009
4.581250 0.000009
4.583750 0.000009
4.586250 0.000008
4.588750 0.000008
4.591250 0.000008
4.593750 0.000008
4.596250 0.000008
4.598750 0.000008
4.601250 0.000008
4.603750 0.000008
4.606250 0.000008
4.608750 0.000007
4.611250 0.000007
4.613750 0.000007
4.616250 0.000007
4.618750 0.000007
4.621250 0.000007
4.623750 0.000007
4.626250 0.000007
4.628750 0.000007
4.631250 0.000007
4.633750 0.000006
4.636250 0.000006
4.638750 0.000006
4.641250 0.000006
4.643750 0.000006
4.646250 0.000006
4.648750 0.000006
4.651250 0.000006
4.653750 0.000006
4.656250 0.000006
4.658750 0.000006
4.661250 0.000006
4.663750 0.000005
4.666250 0.000005
4.668750 0.000005
4.671250 0.000005
4.673750 0.000005
4.676250 0.000005
4.678750 0.000005
4.681250 0.000005
4.683750 0.000005
4.686250 0.000005
4.688750 0.000005
4.691250 0.000005
4.693750 0.000005
4.696250 0.000005
4.698750 0.000004
4.701250 0.000004
4.703750 0.000004
4.706250 0.000004
4.708750 0.000004
4.711250 0.000004
4.713750 0.000004
4.716250 0.000004
4.718750 0.000004
4.721250 0.000004
4.723750 0.000004
4.726250 0.000004
4.728750 0.000004
4.731250 0.000004
4.733750 0.000004
4.736250 0.000004
4.738750 0.000004
4.741250 0.000004
4.743750 0.000003
4.746250 0.000003
4.748750 0.000003
4.751250 0.000003
4.753750 0.000003
4.756250 0.000003
4.758750 0.000003
4.761250 0.000003
4.763750 0.000003
4.766250 0.000003
4.768750 0.000003
4.771250 0.000003
4.773750 0.000003
4.776250 0.000003
4.778750 0.000003
4.781250 0.000003
4.783750 0.000003
4.786250 0.000003
4.788750 0.000003
4.791250 0.000003
4.793750 0.000003
4.796250 0.000003
4.798750 0.000003
4.801250 0.000002
4.803750 0.000002
4.806250 0.000002
4.808750 0.000002
4.811250 0.000002
4.813750 0.000002
4.816250 0.000002
4.818750 0.000002
4.821250 0.000002
4.823750 0.000002
4.826250 0.000002
4.828750 0.000002
4.831250 0.000002
4.833750 0.000002
4.836250 0.000002
4.838750 0.000002
4.841250 0.000002
4.843750 0.000002
4.846250 0.000002
4.848750 0.000002
4.851250 0.000002
4.853750 0.000002
4.856250 0.000002
4.858750 0.000002
4.861250 0.000002
4.863750 0.000002
4.866250 0.000002
4.868750 0.000002
4.871250 0.000002
4.873750 0.000002
4.876250 0.000002
4.878750 0.000002
4.881250 0.000002
4.883750 0.000002
4.886250 0.000001
4.888750 0.000001
4.891250 0.000001
4.893750 0.000001
4.896250 0.000001
4.898750 0.000001
4.901250 0.000001
4.903750 0.000001
4.906250 0.000001
4.908750 0.000001
4.911250 0.000001
4.913750 0.000001
4.916250 0.000001
4.918750 0.000001
4.921250 0.000001
4.923750 0.000001
4.926250 0.000001
4.928750 0.000001
4.931250 0.000001
4.933750 0.000001
4.936250 0.000001
4.938750 0.000001
4.941250 0.000001
4.943750 0.000001
4.946250 0.000001
4.948750 0.000001
4.951250 0.000001
4.953750 0.000001
4.956250 0.000001
4.958750 0.000001
4.961250 0.000001
4.963750 0.000001
4.966250 0.000001
4.968750 0.000001
4.971250 0.000001
4.973750 0.000001
4.976250 0.000001
4.978750 0.000001
4.981250 0.000001
4.983750 0.000001
4.986250 0.000001
4.988750 0.000001
4.991250 0.000001
4.993750 0.000001
4.996250 0.000001
4.998750 0.000001
5.001250 0.000001
5.003750 0.000001
5.006250 0.000001
5.008750 0.000001
5.011250 0.000001
5.013750 0.000001
5.016250 0.000001
5.018750 0.000001
5.021250 0.000001
5.023750 0.000001
5.026250 0.000001
5.028750 0.000001
5.031250 0.000001
5.033750 0.000001
5.036250 0.000001
5.038750 0.000001
5.041250 0.000001
5.043750 0.000001
5.046250 0.000001
5.048750 0.000001
5.051250 0.000001
5.053750 0.000001
5.056250 0.000001
5.058750 0.000001
5.061250 0.000001
5.063750 0.000001
5.066250 0.000000
5.068750 0.000000
5.071250 0.000000
5.073750 0.000000
5.076250 0.000000
5.078750 0.000000
5.081250 0.000000
5.083750 0.000000
5.086250 0.000000
5.088750 0.000000
5.091250 0.000000
5.093750 0.000000
5.096250 0.000000
5.098750 0.000000
5.101250 0.000000
5.103750 0.000000
5.106250 0.000000
5.108750 0.000000
5.111250 0.000000
5.113750 0.000000
5.116250 0.000000
5.118750 0.000000
5.121250 0.000000
5.123750 0.000000
5.126250 0.000000
5.128750 0.000000
5.131250 0.000000
5.133750 0.000000
5.136250 0.000000
5.138750 0.000000
5.141250 0.000000
5.143750 0.000000
5.146250 0.000000
5.148750 0.000000
5.151250 0.000000
5.153750 0.000000
5.156250 0.000000
5.158750 0.000000
5.161250 0.000000
5.163750 0.000000
5.166250 0.000000
5.168750 0.000000
5.171250 0.000000
5.173750 0.000000
5.176250 0.000000
5.178750 0.000000
5.181250 0.000000
5.183750 0.000000
5.186250 0.000000
5.188750 0.000000
5.191250 0.000000
5.193750 0.000000
5.196250 0.000000
5.198750 0.000000
5.201250 0.000000
5.203750 0.000000
5.206250 0.000000
5.208750 0.000000
5.211250 0.000000
5.213750 0.000000
5.216250 0.000000
5.218750 0.000000
5.221250 0.000000
5.223750 0.000000
5.226250 0.000000
5.228750 0.000000
5.231250 0.000000
5.233750 0.000000
5.236250 0.000000
5.238750 0.000000
5.241250 0.000000
5.243750 0.000000
5.246250 0.000000
5.248750 0.000000
5.251250 0.000000
5.253750 0.000000
5.256250 0.000000
5.258750 0.000000
5.261250 0.000000
5.263750 0.000000
5.266250 0.000000
5.268750 0.000000
5.271250 0.000000
5.273750 0.000000
5.276250 0.000000
5.278750 0.000000
5.281250 0.000000
5.283750 0.000000
5.286250 0.000000
5.288750 0.000000
5.291250 0.000000
5.293750 0.000000
5.296250 0.000000
5.298750 0.000000
5.301250 0.000000
5.303750 0.000000
5.306250 0.000000
5.308750 0.000000
5.311250 0.000000
5.313750 0.000000
5.316250 0.000000
5.318750 0.000000
5.321250 0.000000
5.323750 0.000000
5.326250 0.000000
5.328750 0.000000
5.331250 0.000000
5.333750 0.000000
5.336250 0.000000
5.338750 0.000000
5.341250 0.000000
5.343750 0.000000
5.346250 0.000000
5.348750 0.000000
5.351250 0.000000
5.353750 0.000000
5.356250 0.000000
5.358750 0.000000
5.361250 0.000000
5.363750 0.000000
5.366250 0.000000
5.368750 0.000000
5.371250 0.000000
5.373750 0.000000
5.376250 0.000000
5.378750 0.000000
5.381250 0.000000
5.383750 0.000000
5.386250 0.000000
5.388750 0.000000
5.391250 0.000000
5.393750 0.000000
5.396250 0.000000
5.398750 0.000000
5.401250 0.000000
5.403750 0.000000
5.406250 0.000000
5.408750 0.000000
5.411250 0.000000
5.413750 0.000000
5.416250 0.000000
5.418750 0.000000
5.421250 0.000000
5.423750 0.000000
5.426250 0.000000
5.428750 0.000000
5.431250 0.000000
5.433750 0.000000
5.436250 0.000000
5.438750 0.000000
5.441250 0.000000
5.443750 0.000000
5.446250 0.000000
5.448750 0.000000
5.451250 0.000000
5.453750 0.000000
5.456250 0.000000
5.458750 0.000000
5.461250 0.000000
5.463750 0.000000
5.466250 0.000000
5.468750 0.000000
5.471250 0.000000
5.473750 0.000000
5.476250 0.000000
5.478750 0.000000
5.481250 0.000000
5.483750 0.000000
5.486250 0.000000
5.488750 0.000000
5.491250 0.000000
5.493750 0.000000
5.496250 0.000000
5.498750 0.000000
5.501250 0.000000
5.503750 0.000000
5.506250 0.000000
5.508750 0.000000
5.511250 0.000000
5.513750 0.000000
5.516250 0.000000
5.518750 0.000000
5.521250 0.000000
5.523750 0.000000
5.526250 0.000000
5.528750 0.000000
5.531250 0.000000
5.533750 0.000000
5.536250 0.000000
5.538750 0.000000
5.541250 0.000000
5.543750 0.000000
5.546250 0.000000
5.548750 0.000000
5.551250 0.000000
5.553750 0.000000
5.556250 0.000000
5.558750 0.000000
5.561250 0.000000
5.563750 0.000000
5.566250 0.000000
5.568750 0.000000
5.571250 0.000000
5.573750 0.000000
5.576250 0.000000
5.578750 0.000000
5.581250 0.000000
5.583750 0.000000
5.586250 0.000000
5.588750 0.000000
5.591250 0.000000
5.593750 0.000000
5.596250 0.000000
5.598750 0.000000
5.601250 0.000000
5.603750 0.000000
5.606250 0.000000
5.608750 0.000000
5.611250 0.000000
5.613750 0.000000
5.616250 0.000000
5.618750 0.000000
5.621250 0.000000
5.623750 0.000000
5.626250 0.000000
5.628750 0.000000
5.631250 0.000000
5.633750 0.000000
5.636250 0.000000
5.638750 0.000000
5.641250 0.000000
5.643750 0.000000
5.646250 0.000000
5.648750 0.000000
5.651250 0.000000
5.653750 0.000000
5.656250 0.000000
5.658750 0.000000
5.661250 0.000000
5.663750 0.000000
5.666250 0.000000
5.668750 0.000000
5.671250 0.000000
5.673750 0.000000
5.676250 0.000000
5.678750 0.000000
5.681250 0.000000
5.683750 0.000000
5.686250 0.000000
5.688750 0.000000
5.691250 0.000000
5.693750 0.000000
5.696250 0.000000
5.698750 0.000000
5.701250 0.000000
5.703750 0.000000
5.706250 0.000000
5.708750 0.000000
5.711250 0.000000
5.713750 0.000000
5.716250 0.000000
5.718750 0.000000
5.721250 0.000000
5.723750 0.000000
5.726250 0.000000
5.728750 0.000000
5.731250 0.000000
5.733750 0.000000
5.736250 0.000000
5.738750 0.000000
5.741250 0.000000
5.743750 0.000000
5.746250 0.000000
5.748750 0.000000
5.751250 0.000000
5.753750 0.000000
5.756250 0.000000
5.758750 0.000000
5.761250 0.000000
5.763750 0.000000
5.766250 0.000000
5.768750 0.000000
5.771250 0.000000
5.773750 0.000000
5.776250 0.000000
5.778750 0.000000
5.781250 0.000000
5.783750 0.000000
5.786250 0.000000
5.788750 0.000000
5.791250 0.000000
5.793750 0.000000
5.796250 0.000000
5.798750 0.000000
5.801250 0.000000
5.803750 0.000000
5.806250 0.000000
5.808750 0.000000
5.811250 0.000000
5.813750 0.000000
5.816250 0.000000
5.818750 0.000000
5.821250 0.000000
5.823750 0.000000
5.826250 0.000000
5.828750 0.000000
5.831250 0.000000
5.833750 0.000000
5.836250 0.000001
5.838750 0.000001
5.841250 0.000001
5.843750 0.000001
5.846250 0.000001
5.848750 0.000001
5.851250 0.000001
5.853750 0.000001
5.856250 0.000001
5.858750 0.000001
5.861250 0.000001
5.863750 0.000001
5.866250 0.000001
5.868750 0.000001
5.871250 0.000001
5.873750 0.000001
5.876250 0.000001
5.878750 0.000001
5.881250 0.000001
5.883750 0.000001
5.886250 0.000001
5.888750 0.000001
5.891250 0.000001
5.893750 0.000001
5.896250 0.000001
5.898750 0.000001
5.901250 0.000001
5.903750 0.000001
5.906250 0.000001
5.908750 0.000001
5.911250 0.000001
5.913750 0.000001
5.916250 0.000001
5.918750 0.000001
5.921250 0.000001
5.923750 0.000001
5.926250 0.000001
5.928750 0.000001
5.931250 0.000001
5.933750 0.000001
5.936250 0.000001
5.938750 0.000001
5.941250 0.000001
5.943750 0.000001
5.946250 0.000001
5.948750 0.000001
5.951250 0.000001
5.953750 0.000001
5.956250 0.000001
5.958750 0.000001
5.961250 0.000001
5.963750 0.000001
5.966250 0.000001
5.968750 0.000001
5.971250 0.000001
5.973750 0.000001
5.976250 0.000001
5.978750 0.000001
5.981250 0.000001
5.983750 0.000002
5.986250 0.000002
5.988750 0.000002
5.991250 0.000002
5.993750 0.000002
5.996250 0.000002
5.998750 0.000002
6.001250 0.000002
6.003750 0.000002
6.006250 0.000002
6.008750 0.000002
6.011250 0.000002
6.013750 0.000002
6.016250 0.000002
6.018750 0.000002
6.021250 0.000002
6.023750 0.000002
6.026250 0.000002
6.028750 0.000002
6.031250 0.000002
6.033750 0.000002
6.036250 0.000002
6.038750 0.000002
6.041250 0.000002
6.043750 0.000002
6.046250 0.000002
6.048750 0.000003
6.051250 0.000003
6.053750 0.000003
6.056250 0.000003
6.058750 0.000003
6.061250 0.000003
6.063750 0.000003
6.066250 0.000003
6.068750 0.000003
6.071250 0.000003
6.073750 0.000003
6.076250 0.000003
6.078750 0.000003
6.081250 0.000003
6.083750 0.000003
6.086250 0.000003
6.088750 0.000003
6.091250 0.000004
6.093750 0.000004
6.096250 0.000004
6.098750 0.000004
6.101250 0.000004
6.103750 0.000004
6.106250 0.000004
6.108750 0.000004
6.111250 0.000004
6.113750 0.000004
6.116250 0.000004
6.118750 0.000004
6.121250 0.000004
6.123750 0.000005
6.126250 0.000005
6.128750 0.000005
6.131250 0.000005
6.133750 0.000005
6.136250 0.000005
6.138750 0.000005
6.141250 0.000005
6.143750 0.000005
6.146250 0.000005
6.148750 0.000006
6.151250 0.000006
6.153750 0.000006
6.156250 0.000006
6.158750 0.000006
6.161250 0.000006
6.163750 0.000006
6.166250 0.000006
6.168750 0.000007
6.171250 0.000007
6.173750 0.000007
6.176250 0.000007
6.178750 0.000007
6.181250 0.000007
6.183750 0.000007
6.186250 0.000007
6.188750 0.000008
6.191250 0.000008
6.193750 0.000008
6.196250 0.000008
6.198750 0.000008
6.201250 0.000008
6.203750 0.000009
6.206250 0.000009
6.208750 0.000009
6.211250 0.000009
6.213750 0.000009
6.216250 0.000010
6.218750 0.000010
6.221250 0.000010
6.223750 0.000010
6.226250 0.000010
6.228750 0.000011
6.231250 0.000011
6.233750 0.000011
6.236250 0.000011
6.238750 0.000011
6.241250 0.000012
6.243750 0.000012
6.246250 0.000012
6.248750 0.000012
6.251250 0.000013
6.253750 0.000013
6.256250 0.000013
6.258750 0.000013
6.261250 0.000014
6.263750 0.000014
6.266250 0.000014
6.268750 0.000015
6.271250 0.000015
6.273750 0.000015
6.276250 0.000016
6.278750 0.000016
6.281250 0.000016
6.283750 0.000017
6.286250 0.000017
6.288750 0.000017
6.291250 0.000018
6.293750 0.000018
6.296250 0.000018
6.298750 0.000019
6.301250 0.000019
6.303750 0.000019
6.306250 0.000020
6.308750 0.000020
6.311250 0.000021
6.313750 0.000021
6.316250 0.000022
6.318750 0.000022
6.321250 0.000023
6.323750 0.000023
6.326250 0.000023
6.328750 0.000024
6.331250 0.000024
6.333750 0.000025
6.336250 0.000026
6.338750 0.000026
6.341250 0.000027
6.343750 0.000027
6.346250 0.000028
6.348750 0.000028
6.351250 0.000029
6.353750 0.000030
6.356250 0.000030
6.358750 0.000031
6.361250 0.000031
6.363750 0.000032
6.366250 0.000033
6.368750 0.000034
6.371250 0.000034
6.373750 0.000035
6.376250 0.000036
6.378750 0.000036
6.381250 0.000037
6.383750 0.000038
6.386250 0.000039
6.388750 0.000040
6.391250 0.000040
6.393750 0.000041
6.396250 0.000042
6.398750 0.000043
6.401250 0.000044
6.403750 0.000045
6.406250 0.000046
6.408750 0.000047
6.411250 0.000048
6.413750 0.000049
6.416250 0.000050
6.418750 0.000051
6.421250 0.000052
6.423750 0.000053
6.426250 0.000054
6.428750 0.000056
6.431250 0.000057
6.433750 0.000058
6.436250 0.000059
6.438750 0.000061
6.441250 0.000062
6.443750 0.000063
6.446250 0.000065
6.448750 0.000066
6.451250 0.000067
6.453750 0.000069
6.456250 0.000070
6.458750 0.000072
6.461250 0.000073
6.463750 0.000075
6.466250 0.000077
6.468750 0.000078
6.471250 0.000080
6.473750 0.000082
6.476250 0.000084
6.478750 0.000085
6.481250 0.000087
6.483750 0.000089
6.486250 0.000091
6.488750 0.000093
6.491250 0.000095
6.493750 0.000097
6.496250 0.000099
6.498750 0.000101
6.501250 0.000104
6.503750 0.000106
6.506250 0.000108
6.508750 0.000111
6.511250 0.000113
6.513750 0.000116
6.516250 0.000118
6.518750 0.000121
6.521250 0.000123
6.523750 0.000126
6.526250 0.000129
6.528750 0.000132
6.531250 0.000135
6.533750 0.000138
6.536250 0.000141
6.538750 0.000144
6.541250 0.000147
6.543750 0.000150
6.546250 0.000153
6.548750 0.000157
6.551250 0.000160
6.553750 0.000164
6.556250 0.000167
6.558750 0.000171
6.561250 0.000175
6.563750 0.000179
6.566250 0.000183
6.568750 0.000187
6.571250 0.000191
6.573750 0.000195
6.576250 0.000200
6.578750 0.000204
6.581250 0.000209
6.583750 0.000213
6.586250 0.000218
6.588750 0.000223
6.591250 0.000228
6.593750 0.000233
6.596250 0.000238
6.598750 0.000244
6.601250 0.000249
6.603750 0.000255
6.606250 0.000260
6.608750 0.000266
6.611250 0.000272
6.613750 0.000278
6.616250 0.000284
6.618750 0.000291
6.621250 0.000297
6.623750 0.000304
6.626250 0.000311
6.628750 0.000318
6.631250 0.000325
6.633750 0.000332
6.636250 0.000340
6.638750 0.000348
6.641250 0.000355
6.643750 0.000364
6.646250 0.000372
6.648750 0.000380
6.651250 0.000389
6.653750 0.000398
6.656250 0.000407
6.658750 0.000416
6.661250 0.000425
6.663750 0.000435
6.666250 0.000445
6.668750 0.000455
6.671250 0.000465
6.673750 0.000476
6.676250 0.000487
6.678750 0.000498
6.681250 0.000509
6.683750 0.000521
6.686250 0.000533
6.688750 0.000545
6.691250 0.000557
6.693750 0.000570
6.696250 0.000583
6.698750 0.000596
6.701250 0.000610
6.703750 0.000624
6.706250 0.000638
6.708750 0.000653
6.711250 0.000668
6.713750 0.000683
6.716250 0.000699
6.718750 0.000715
6.721250 0.000732
6.723750 0.000749
6.726250 0.000766
6.728750 0.000783
6.731250 0.000802
6.733750 0.000820
6.736250 0.000839
6.738750 0.000858
6.741250 0.000878
6.743750 0.000899
6.746250 0.000919
6.748750 0.000941
6.751250 0.000962
6.753750 0.000985
6.756250 0.001008
6.758750 0.001031
6.761250 0.001055
6.763750 0.001080
6.766250 0.001105
6.768750 0.001130
6.771250 0.001157
6.773750 0.001184
6.776250 0.001211
6.778750 0.001239
6.781250 0.001268
6.783750 0.001298
6.786250 0.001328
6.788750 0.001359
6.791250 0.001391
6.793750 0.001424
6.796250 0.001457
6.798750 0.001491
6.801250 0.001526
6.803750 0.001562
6.806250 0.001599
6.808750 0.001636
6.811250 0.001675
6.813750 0.001714
6.816250 0.001754
6.818750 0.001796
6.821250 0.001838
6.823750 0.001881
6.826250 0.001925
6.828750 0.001971
6.831250 0.002017
6.833750 0.002065
6.836250 0.002114
6.838750 0.002164
6.841250 0.002215
6.843750 0.002267
6.846250 0.002321
6.848750 0.002376
6.851250 0.002432
6.853750 0.002490
6.856250 0.002549
6.858750 0.002610
6.861250 0.002672
6.863750 0.002735
6.866250 0.002800
6.868750 0.002867
6.871250 0.002935
6.873750 0.003005
6.876250 0.003077
6.878750 0.003150
6.881250 0.003226
6.883750 0.003303
6.886250 0.003382
6.888750 0.003462
6.891250 0.003545
6.893750 0.003630
6.896250 0.003717
6.898750 0.003806
6.901250 0.003897
6.903750 0.003991
6.906250 0.004087
6.908750 0.004185
6.911250 0.004285
6.913750 0.004388
6.916250 0.004494
6.918750 0.004602
6.921250 0.004713
6.923750 0.004827
6.926250 0.004943
6.928750 0.005062
6.931250 0.005184
6.933750 0.005310
6.936250 0.005438
6.938750 0.005569
6.941250 0.005704
6.943750 0.005842
6.946250 0.005984
6.948750 0.006129
6.951250 0.006277
6.953750 0.006430
6.956250 0.006586
6.958750 0.006746
6.961250 0.006910
6.963750 0.007078
6.966250 0.007250
6.968750 0.007426
6.971250 0.007607
6.973750 0.007792
6.976250 0.007982
6.978750 0.008177
6.981250 0.008377
6.983750 0.008581
6.986250 0.008791
6.988750 0.009006
6.991250 0.009226
6.993750 0.009452
6.996250 0.009684
6.998750 0.009921
7.001250 0.010164
7.003750 0.010414
7.006250 0.010669
7.008750 0.010931
7.011250 0.011200
7.013750 0.011475
7.016250 0.011758
7.018750 0.012047
7.021250 0.012344
7.023750 0.012648
7.026250 0.012960
7.028750 0.013279
7.031250 0.013607
7.033750 0.013943
7.036250 0.014288
7.038750 0.014641
7.041250 0.015003
7.043750 0.015374
7.046250 0.015755
7.048750 0.016146
7.051250 0.016546
7.053750 0.016956
7.056250 0.017377
7.058750 0.017809
7.061250 0.018251
7.063750 0.018705
7.066250 0.019170
7.068750 0.019647
7.071250 0.020136
7.073750 0.020638
7.076250 0.021153
7.078750 0.021680
7.081250 0.022221
7.083750 0.022776
7.086250 0.023345
7.088750 0.023929
7.091250 0.024527
7.093750 0.025141
7.096250 0.025771
7.098750 0.026416
7.101250 0.027078
7.103750 0.027757
7.106250 0.028454
7.108750 0.029168
7.111250 0.029901
7.113750 0.030653
7.116250 0.031424
7.118750 0.032214
7.121250 0.033025
7.123750 0.033857
7.126250 0.034711
7.128750 0.035586
7.131250 0.036484
7.133750 0.037405
7.136250 0.038350
7.138750 0.039319
7.141250 0.040313
7.143750 0.041333
7.146250 0.042380
7.148750 0.043453
7.151250 0.044554
7.153750 0.045684
7.156250 0.046843
7.158750 0.048032
7.161250 0.049252
7.163750 0.050504
7.166250 0.051788
7.168750 0.053105
7.171250 0.054457
7.173750 0.055844
7.176250 0.057267
7.178750 0.058727
7.181250 0.060225
7.183750 0.061762
7.186250 0.063339
7.188750 0.064958
7.191250 0.066618
7.193750 0.068322
7.196250 0.070071
7.198750 0.071865
7.201250 0.073707
7.203750 0.075596
7.206250 0.077535
7.208750 0.079525
7.211250 0.081567
7.213750 0.083662
7.216250 0.085813
7.218750 0.088020
7.221250 0.090285
7.223750 0.092609
7.226250 0.094995
7.228750 0.097443
7.231250 0.099956
7.233750 0.102535
7.236250 0.105182
7.238750 0.107899
7.241250 0.110688
7.243750 0.113550
7.246250 0.116488
7.248750 0.119503
7.251250 0.122598
7.253750 0.125775
7.256250 0.129036
7.258750 0.132384
7.261250 0.135820
7.263750 0.139348
7.266250 0.142968
7.268750 0.146685
7.271250 0.150501
7.273750 0.154418
7.276250 0.158439
7.278750 0.162567
7.281250 0.166805
7.283750 0.171156
7.286250 0.175623
7.288750 0.180209
7.291250 0.184917
7.293750 0.189750
7.296250 0.194713
7.298750 0.199808
7.301250 0.205039
7.303750 0.210410
7.306250 0.215925
7.308750 0.221588
7.311250 0.227402
7.313750 0.233372
7.316250 0.239501
7.318750 0.245796
7.321250 0.252259
7.323750 0.258895
7.326250 0.265710
7.328750 0.272708
7.331250 0.279895
7.333750 0.287274
7.336250 0.294852
7.338750 0.302634
7.341250 0.310626
7.343750 0.318834
7.346250 0.327263
7.348750 0.335919
7.351250 0.344809
7.353750 0.353939
7.356250 0.363316
7.358750 0.372946
7.361250 0.382837
7.363750 0.392996
7.366250 0.403430
7.368750 0.414147
7.371250 0.425154
7.373750 0.436460
7.376250 0.448073
7.378750 0.460001
7.381250 0.472253
7.383750 0.484839
7.386250 0.497766
7.388750 0.511045
7.391250 0.524686
7.393750 0.538699
7.396250 0.553093
7.398750 0.567880
7.401250 0.583071
7.403750 0.598676
7.406250 0.614707
7.408750 0.631176
7.411250 0.648096
7.413750 0.665478
7.416250 0.683336
7.418750 0.701683
7.421250 0.720533
7.423750 0.739899
7.426250 0.759797
7.428750 0.780240
7.431250 0.801245
7.433750 0.822827
7.436250 0.845001
7.438750 0.867786
7.441250 0.891197
7.443750 0.915253
7.446250 0.939971
7.448750 0.965370
7.451250 0.991469
7.453750 1.018288
7.456250 1.045848
7.458750 1.074168
7.461250 1.103270
7.463750 1.133177
7.466250 1.163911
7.468750 1.195495
7.471250 1.227953
7.473750 1.261310
7.476250 1.295592
7.478750 1.330824
7.481250 1.367033
7.483750 1.404247
7.486250 1.442494
7.488750 1.481804
