0.002500 -0.003750
0.005000 -0.007500
0.007500 -0.011250
0.010000 -0.014999
0.012500 -0.018749
0.015000 -0.022497
0.017500 -0.026246
0.020000 -0.029994
0.022500 -0.033741
0.025000 -0.037488
0.027500 -0.041234
0.030000 -0.044979
0.032500 -0.048724
0.035000 -0.052467
0.037500 -0.056210
0.040000 -0.059951
0.042500 -0.063691
0.045000 -0.067430
0.047500 -0.071168
0.050000 -0.074904
0.052500 -0.078639
0.055000 -0.082373
0.057500 -0.086104
0.060000 -0.089835
0.062500 -0.093563
0.065000 -0.097290
0.067500 -0.101014
0.070000 -0.104737
0.072500 -0.108458
0.075000 -0.112177
0.077500 -0.115893
0.080000 -0.119608
0.082500 -0.123320
0.085000 -0.127030
0.087500 -0.130737
0.090000 -0.134442
0.092500 -0.138144
0.095000 -0.141844
0.097500 -0.145540
0.100000 -0.149235
0.102500 -0.152926
0.105000 -0.156614
0.107500 -0.160299
0.110000 -0.163982
0.112500 -0.167661
0.115000 -0.171337
0.117500 -0.175009
0.120000 -0.178679
0.122500 -0.182344
0.125000 -0.186007
0.127500 -0.189666
0.130000 -0.193321
0.132500 -0.196972
0.135000 -0.200620
0.137500 -0.204264
0.140000 -0.207904
0.142500 -0.211540
0.145000 -0.215172
0.147500 -0.218800
0.150000 -0.222424
0.152500 -0.226043
0.155000 -0.229659
0.157500 -0.233269
0.160000 -0.236876
0.162500 -0.240478
0.165000 -0.244075
0.167500 -0.247668
0.170000 -0.251256
0.172500 -0.254839
0.175000 -0.258417
0.177500 -0.261991
0.180000 -0.265559
0.182500 -0.269123
0.185000 -0.272681
0.187500 -0.276234
0.190000 -0.279782
0.192500 -0.283324
0.195000 -0.286862
0.197500 -0.290393
0.200000 -0.293920
0.202500 -0.297440
0.205000 -0.300955
0.207500 -0.304465
0.210000 -0.307968
0.212500 -0.311466
0.215000 -0.314958
0.217500 -0.318444
0.220000 -0.321924
0.222500 -0.325398
0.225000 -0.328865
0.227500 -0.332327
0.230000 -0.335782
0.232500 -0.339231
0.235000 -0.342673
0.237500 -0.346109
0.240000 -0.349539
0.242500 -0.352962
0.245000 -0.356378
0.247500 -0.359788
0.250000 -0.363190
0.252500 -0.366586
0.255000 -0.369975
0.257500 -0.373358
0.260000 -0.376733
0.262500 -0.380101
0.265000 -0.383462
0.267500 -0.386815
0.270000 -0.390162
0.272500 -0.393501
0.275000 -0.396833
0.277500 -0.400157
0.280000 -0.403474
0.282500 -0.406783
0.285000 -0.410085
0.287500 -0.413379
0.290000 -0.416665
0.292500 -0.419944
0.295000 -0.423214
0.297500 -0.426477
0.300000 -0.429732
0.302500 -0.432979
0.305000 -0.436218
0.307500 -0.439448
0.310000 -0.442671
0.312500 -0.445885
0.315000 -0.449091
0.317500 -0.452289
0.320000 -0.455478
0.322500 -0.458659
0.325000 -0.461831
0.327500 -0.464995
0.330000 -0.468150
0.332500 -0.471296
0.335000 -0.474434
0.337500 -0.477563
0.340000 -0.480683
0.342500 -0.483794
0.345000 -0.486897
0.347500 -0.489990
0.350000 -0.493074
0.352500 -0.496149
0.355000 -0.499216
0.357500 -0.502272
0.360000 -0.505320
0.362500 -0.508358
0.365000 -0.511387
0.367500 -0.514407
0.370000 -0.517417
0.372500 -0.520418
0.375000 -0.523409
0.377500 -0.526391
0.380000 -0.529363
0.382500 -0.532325
0.385000 -0.535277
0.387500 -0.538220
0.390000 -0.541153
0.392500 -0.544076
0.395000 -0.546989
0.397500 -0.549892
0.400000 -0.552786
0.402500 -0.555669
0.405000 -0.558542
0.407500 -0.561404
0.410000 -0.564257
0.412500 -0.567100
0.415000 -0.569932
0.417500 -0.572754
0.420000 -0.575565
0.422500 -0.578366
0.425000 -0.581157
0.427500 -0.583937
0.430000 -0.586706
0.432500 -0.589465
0.435000 -0.592214
0.437500 -0.594951
0.440000 -0.597678
0.442500 -0.600394
0.445000 -0.603100
0.447500 -0.605794
0.450000 -0.608478
0.452500 -0.611151
0.455000 -0.613813
0.457500 -0.616464
0.460000 -0.619104
0.462500 -0.621733
0.465000 -0.624350
0.467500 -0.626957
0.470000 -0.629552
0.472500 -0.632136
0.475000 -0.634709
0.477500 -0.637271
0.480000 -0.639821
0.482500 -0.642360
0.485000 -0.644888
0.487500 -0.647404
0.490000 -0.649909
0.492500 -0.652402
0.495000 -0.654884
0.497500 -0.657354
0.500000 -0.659812
0.502500 -0.662259
0.505000 -0.664695
0.507500 -0.667118
0.510000 -0.669530
0.512500 -0.671930
0.515000 -0.674318
0.517500 -0.676695
0.520000 -0.679059
0.522500 -0.681412
0.525000 -0.683753
0.527500 -0.686082
0.530000 -0.688398
0.532500 -0.690703
0.535000 -0.692996
0.537500 -0.695277
0.540000 -0.697546
0.542500 -0.699802
0.545000 -0.702047
0.547500 -0.704279
0.550000 -0.706499
0.552500 -0.708707
0.555000 -0.710903
0.557500 -0.713086
0.560000 -0.715257
0.562500 -0.717416
0.565000 -0.719563
0.567500 -0.721697
0.570000 -0.723818
0.572500 -0.725928
0.575000 -0.728024
0.577500 -0.730109
0.580000 -0.732181
0.582500 -0.734240
0.585000 -0.736287
0.587500 -0.738321
0.590000 -0.740343
0.592500 -0.742352
0.595000 -0.744348
0.597500 -0.746332
0.600000 -0.748304
0.602500 -0.750262
0.605000 -0.752208
0.607500 -0.754141
0.610000 -0.756062
0.612500 -0.757970
0.615000 -0.759864
0.617500 -0.761747
0.620000 -0.763616
0.622500 -0.765473
0.625000 -0.767316
0.627500 -0.769147
0.630000 -0.770965
0.632500 -0.772771
0.635000 -0.774563
0.637500 -0.776342
0.640000 -0.778109
0.642500 -0.779862
0.645000 -0.781603
0.647500 -0.783331
0.650000 -0.785045
0.652500 -0.786747
0.655000 -0.788436
0.657500 -0.790112
0.660000 -0.791774
0.662500 -0.793424
0.665000 -0.795061
0.667500 -0.796684
0.670000 -0.798295
0.672500 -0.799892
0.675000 -0.801477
0.677500 -0.803048
0.680000 -0.804606
0.682500 -0.806151
0.685000 -0.807683
0.687500 -0.809202
0.690000 -0.810708
0.692500 -0.812201
0.695000 -0.813680
0.697500 -0.815147
0.700000 -0.816600
0.702500 -0.818040
0.705000 -0.819467
0.707500 -0.820881
0.710000 -0.822282
0.712500 -0.823669
0.715000 -0.825043
0.717500 -0.826405
0.720000 -0.827753
0.722500 -0.829087
0.725000 -0.830409
0.727500 -0.831717
0.730000 -0.833013
0.732500 -0.834295
0.735000 -0.835563
0.737500 -0.836819
0.740000 -0.838062
0.742500 -0.839291
0.745000 -0.840507
0.747500 -0.841710
0.750000 -0.842900
0.752500 -0.844076
0.755000 -0.845240
0.757500 -0.846390
0.760000 -0.847527
0.762500 -0.848651
0.765000 -0.849761
0.767500 -0.850859
0.770000 -0.851943
0.772500 -0.853014
0.775000 -0.854072
0.777500 -0.855117
0.780000 -0.856149
0.782500 -0.857167
0.785000 -0.858173
0.787500 -0.859165
0.790000 -0.860144
0.792500 -0.861111
0.795000 -0.862064
0.797500 -0.863003
0.800000 -0.863930
0.802500 -0.864844
0.805000 -0.865745
0.807500 -0.866632
0.810000 -0.867507
0.812500 -0.868368
0.815000 -0.869216
0.817500 -0.870052
0.820000 -0.870874
0.822500 -0.871684
0.825000 -0.872480
0.827500 -0.873263
0.830000 -0.874034
0.832500 -0.874791
0.835000 -0.875536
0.837500 -0.876267
0.840000 -0.876986
0.842500 -0.877692
0.845000 -0.878385
0.847500 -0.879064
0.850000 -0.879732
0.852500 -0.880386
0.855000 -0.881027
0.857500 -0.881656
0.860000 -0.882271
0.862500 -0.882874
0.865000 -0.883464
0.867500 -0.884042
0.870000 -0.884606
0.872500 -0.885158
0.875000 -0.885698
0.877500 -0.886224
0.880000 -0.886738
0.882500 -0.887239
0.885000 -0.887728
0.887500 -0.888203
0.890000 -0.888667
0.892500 -0.889117
0.895000 -0.889555
0.897500 -0.889981
0.900000 -0.890394
0.902500 -0.890795
0.905000 -0.891183
0.907500 -0.891558
0.910000 -0.891921
0.912500 -0.892272
0.915000 -0.892610
0.917500 -0.892936
0.920000 -0.893250
0.922500 -0.893551
0.925000 -0.893840
0.927500 -0.894116
0.930000 -0.894380
0.932500 -0.894632
0.935000 -0.894872
0.937500 -0.895100
0.940000 -0.895315
0.942500 -0.895519
0.945000 -0.895710
0.947500 -0.895889
0.950000 -0.896056
0.952500 -0.896211
0.955000 -0.896354
0.957500 -0.896484
0.960000 -0.896603
0.962500 -0.896710
0.965000 -0.896805
0.967500 -0.896888
0.970000 -0.896960
0.972500 -0.897019
0.975000 -0.897067
0.977500 -0.897103
0.980000 -0.897127
0.982500 -0.897139
0.985000 -0.897139
0.987500 -0.897128
0.990000 -0.897106
0.992500 -0.897071
0.995000 -0.897025
0.997500 -0.896968
1.000000 -0.896899
1.002500 -0.896818
1.005000 -0.896727
1.007500 -0.896623
1.010000 -0.896508
1.012500 -0.896382
1.015000 -0.896245
1.017500 -0.896096
1.020000 -0.895936
1.022500 -0.895764
1.025000 -0.895582
1.027500 -0.895388
1.030000 -0.895183
1.032500 -0.894967
1.035000 -0.894740
1.037500 -0.894501
1.040000 -0.894252
1.042500 -0.893992
1.045000 -0.893721
1.047500 -0.893439
1.050000 -0.893146
1.052500 -0.892842
1.055000 -0.892527
1.057500 -0.892202
1.060000 -0.891865
1.062500 -0.891518
1.065000 -0.891161
1.067500 -0.890793
1.070000 -0.890414
1.072500 -0.890024
1.075000 -0.889624
1.077500 -0.889214
1.080000 -0.888793
1.082500 -0.888362
1.085000 -0.887920
1.087500 -0.887468
1.090000 -0.887005
1.092500 -0.886533
1.095000 -0.886050
1.097500 -0.885556
1.100000 -0.885053
1.102500 -0.884539
1.105000 -0.884016
1.107500 -0.883482
1.110000 -0.882939
1.112500 -0.882385
1.115000 -0.881821
1.117500 -0.881248
1.120000 -0.880665
1.122500 -0.880071
1.125000 -0.879468
1.127500 -0.878856
1.130000 -0.878233
1.132500 -0.877601
1.135000 -0.876959
1.137500 -0.876308
1.140000 -0.875647
1.142500 -0.874977
1.145000 -0.874297
1.147500 -0.873608
1.150000 -0.872909
1.152500 -0.872201
1.155000 -0.871484
1.157500 -0.870757
1.160000 -0.870021
1.162500 -0.869276
1.165000 -0.868522
1.167500 -0.867759
1.170000 -0.866986
1.172500 -0.866205
1.175000 -0.865415
1.177500 -0.864615
1.180000 -0.863807
1.182500 -0.862990
1.185000 -0.862164
1.187500 -0.861330
1.190000 -0.860486
1.192500 -0.859634
1.195000 -0.858774
1.197500 -0.857904
1.200000 -0.857026
1.202500 -0.856140
1.205000 -0.855245
1.207500 -0.854342
1.210000 -0.853430
1.212500 -0.852510
1.215000 -0.851582
1.217500 -0.850646
1.220000 -0.849701
1.222500 -0.848748
1.225000 -0.847787
1.227500 -0.846818
1.230000 -0.845841
1.232500 -0.844855
1.235000 -0.843862
1.237500 -0.842861
1.240000 -0.841852
1.242500 -0.840836
1.245000 -0.839811
1.247500 -0.838779
1.250000 -0.837739
1.252500 -0.836691
1.255000 -0.835636
1.257500 -0.834574
1.260000 -0.833503
1.262500 -0.832426
1.265000 -0.831341
1.267500 -0.830248
1.270000 -0.829148
1.272500 -0.828041
1.275000 -0.826927
1.277500 -0.825805
1.280000 -0.824676
1.282500 -0.823541
1.285000 -0.822398
1.287500 -0.821248
1.290000 -0.820091
1.292500 -0.818927
1.295000 -0.817757
1.297500 -0.816579
1.300000 -0.815395
1.302500 -0.814204
1.305000 -0.813006
1.307500 -0.811801
1.310000 -0.810590
1.312500 -0.809373
1.315000 -0.808149
1.317500 -0.806918
1.320000 -0.805681
1.322500 -0.804438
1.325000 -0.803188
1.327500 -0.801932
1.330000 -0.800669
1.332500 -0.799401
1.335000 -0.798126
1.337500 -0.796845
1.340000 -0.795559
1.342500 -0.794266
1.345000 -0.792967
1.347500 -0.791662
1.350000 -0.790351
1.352500 -0.789035
1.355000 -0.787713
1.357500 -0.786385
1.360000 -0.785051
1.362500 -0.783711
1.365000 -0.782366
1.367500 -0.781016
1.370000 -0.779660
1.372500 -0.778298
1.375000 -0.776931
1.377500 -0.775559
1.380000 -0.774181
1.382500 -0.772798
1.385000 -0.771409
1.387500 -0.770016
1.390000 -0.768617
1.392500 -0.767214
1.395000 -0.765805
1.397500 -0.764391
1.400000 -0.762972
1.402500 -0.761548
1.405000 -0.760119
1.407500 -0.758686
1.410000 -0.757248
1.412500 -0.755805
1.415000 -0.754357
1.417500 -0.752904
1.420000 -0.751447
1.422500 -0.749986
1.425000 -0.748520
1.427500 -0.747049
1.430000 -0.745574
1.432500 -0.744094
1.435000 -0.742611
1.437500 -0.741122
1.440000 -0.739630
1.442500 -0.738134
1.445000 -0.736633
1.447500 -0.735128
1.450000 -0.733619
1.452500 -0.732106
1.455000 -0.730589
1.457500 -0.729068
1.460000 -0.727543
1.462500 -0.726014
1.465000 -0.724482
1.467500 -0.722946
1.470000 -0.721406
1.472500 -0.719862
1.475000 -0.718315
1.477500 -0.716764
1.480000 -0.715209
1.482500 -0.713651
1.485000 -0.712090
1.487500 -0.710525
1.490000 -0.708956
1.492500 -0.707385
1.495000 -0.705810
1.497500 -0.704232
1.500000 -0.702650
1.502500 -0.701066
1.505000 -0.699478
1.507500 -0.697888
1.510000 -0.696294
1.512500 -0.694697
1.515000 -0.693097
1.517500 -0.691495
1.520000 -0.689889
1.522500 -0.688281
1.525000 -0.686670
1.527500 -0.685056
1.530000 -0.683440
1.532500 -0.681821
1.535000 -0.680199
1.537500 -0.678575
1.540000 -0.676948
1.542500 -0.675319
1.545000 -0.673687
1.547500 -0.672053
1.550000 -0.670416
1.552500 -0.668777
1.555000 -0.667136
1.557500 -0.665493
1.560000 -0.663847
1.562500 -0.662200
1.565000 -0.660550
1.567500 -0.658898
1.570000 -0.657244
1.572500 -0.655588
1.575000 -0.653930
1.577500 -0.652270
1.580000 -0.650609
1.582500 -0.648945
1.585000 -0.647280
1.587500 -0.645613
1.590000 -0.643944
1.592500 -0.642274
1.595000 -0.640602
1.597500 -0.638928
1.600000 -0.637253
1.602500 -0.635576
1.605000 -0.633898
1.607500 -0.632219
1.610000 -0.630538
1.612500 -0.628855
1.615000 -0.627172
1.617500 -0.625487
1.620000 -0.623800
1.622500 -0.622113
1.625000 -0.620424
1.627500 -0.618735
1.630000 -0.617044
1.632500 -0.615352
1.635000 -0.613659
1.637500 -0.611965
1.640000 -0.610271
1.642500 -0.608575
1.645000 -0.606878
1.647500 -0.605181
1.650000 -0.603483
1.652500 -0.601784
1.655000 -0.600084
1.657500 -0.598384
1.660000 -0.596683
1.662500 -0.594981
1.665000 -0.593279
1.667500 -0.591576
1.670000 -0.589873
1.672500 -0.588169
1.675000 -0.586465
1.677500 -0.584761
1.680000 -0.583056
1.682500 -0.581351
1.685000 -0.579645
1.687500 -0.577939
1.690000 -0.576233
1.692500 -0.574527
1.695000 -0.572821
1.697500 -0.571115
1.700000 -0.569408
1.702500 -0.567701
1.705000 -0.565995
1.707500 -0.564288
1.710000 -0.562582
1.712500 -0.560875
1.715000 -0.559169
1.717500 -0.557463
1.720000 -0.555757
1.722500 -0.554051
1.725000 -0.552346
1.727500 -0.550640
1.730000 -0.548935
1.732500 -0.547231
1.735000 -0.545527
1.737500 -0.543823
1.740000 -0.542120
1.742500 -0.540417
1.745000 -0.538714
1.747500 -0.537012
1.750000 -0.535311
1.752500 -0.533610
1.755000 -0.531910
1.757500 -0.530211
1.760000 -0.528512
1.762500 -0.526814
1.765000 -0.525117
1.767500 -0.523421
1.770000 -0.521725
1.772500 -0.520030
1.775000 -0.518336
1.777500 -0.516643
1.780000 -0.514951
1.782500 -0.513260
1.785000 -0.511570
1.787500 -0.509881
1.790000 -0.508193
1.792500 -0.506506
1.795000 -0.504820
1.797500 -0.503135
1.800000 -0.501452
1.802500 -0.499769
1.805000 -0.498088
1.807500 -0.496408
1.810000 -0.494729
1.812500 -0.493052
1.815000 -0.491376
1.817500 -0.489701
1.820000 -0.488028
1.822500 -0.486356
1.825000 -0.484685
1.827500 -0.483016
1.830000 -0.481349
1.832500 -0.479683
1.835000 -0.478018
1.837500 -0.476355
1.840000 -0.474694
1.842500 -0.473034
1.845000 -0.471376
1.847500 -0.469719
1.850000 -0.468065
1.852500 -0.466411
1.855000 -0.464760
1.857500 -0.463111
1.860000 -0.461463
1.862500 -0.459817
1.865000 -0.458173
1.867500 -0.456530
1.870000 -0.454890
1.872500 -0.453252
1.875000 -0.451615
1.877500 -0.449980
1.880000 -0.448348
1.882500 -0.446717
1.885000 -0.445088
1.887500 -0.443462
1.890000 -0.441837
1.892500 -0.440215
1.895000 -0.438595
1.897500 -0.436976
1.900000 -0.435360
1.902500 -0.433747
1.905000 -0.432135
1.907500 -0.430526
1.910000 -0.428918
1.912500 -0.427313
1.915000 -0.425711
1.917500 -0.424110
1.920000 -0.422512
1.922500 -0.420917
1.925000 -0.419323
1.927500 -0.417732
1.930000 -0.416144
1.932500 -0.414558
1.935000 -0.412974
1.937500 -0.411393
1.940000 -0.409814
1.942500 -0.408238
1.945000 -0.406664
1.947500 -0.405093
1.950000 -0.403524
1.952500 -0.401958
1.955000 -0.400395
1.957500 -0.398834
1.960000 -0.397276
1.962500 -0.395720
1.965000 -0.394167
1.967500 -0.392617
1.970000 -0.391069
1.972500 -0.389525
1.975000 -0.387982
1.977500 -0.386443
1.980000 -0.384907
1.982500 -0.383373
1.985000 -0.381842
1.987500 -0.380314
1.990000 -0.378788
1.992500 -0.377266
1.995000 -0.375746
1.997500 -0.374229
2.000000 -0.372715
2.002500 -0.371204
2.005000 -0.369696
2.007500 -0.368191
2.010000 -0.366689
2.012500 -0.365190
2.015000 -0.363694
2.017500 -0.362201
2.020000 -0.360710
2.022500 -0.359223
2.025000 -0.357739
2.027500 -0.356258
2.030000 -0.354780
2.032500 -0.353305
2.035000 -0.351833
2.037500 -0.350365
2.040000 -0.348899
2.042500 -0.347436
2.045000 -0.345977
2.047500 -0.344521
2.050000 -0.343068
2.052500 -0.341618
2.055000 -0.340172
2.057500 -0.338728
2.060000 -0.337288
2.062500 -0.335851
2.065000 -0.334417
2.067500 -0.332987
2.070000 -0.331560
2.072500 -0.330136
2.075000 -0.328715
2.077500 -0.327298
2.080000 -0.325884
2.082500 -0.324473
2.085000 -0.323066
2.087500 -0.321661
2.090000 -0.320261
2.092500 -0.318863
2.095000 -0.317469
2.097500 -0.316079
2.100000 -0.314692
2.102500 -0.313308
2.105000 -0.311928
2.107500 -0.310551
2.110000 -0.309177
2.112500 -0.307807
2.115000 -0.306440
2.117500 -0.305077
2.120000 -0.303717
2.122500 -0.302361
2.125000 -0.301008
2.127500 -0.299659
2.130000 -0.298313
2.132500 -0.296971
2.135000 -0.295632
2.137500 -0.294296
2.140000 -0.292965
2.142500 -0.291636
2.145000 -0.290312
2.147500 -0.288990
2.150000 -0.287673
2.152500 -0.286359
2.155000 -0.285048
2.157500 -0.283741
2.160000 -0.282438
2.162500 -0.281138
2.165000 -0.279842
2.167500 -0.278549
2.170000 -0.277260
2.172500 -0.275975
2.175000 -0.274693
2.177500 -0.273415
2.180000 -0.272140
2.182500 -0.270870
2.185000 -0.269602
2.187500 -0.268339
2.190000 -0.267079
2.192500 -0.265822
2.195000 -0.264570
2.197500 -0.263321
2.200000 -0.262075
2.202500 -0.260833
2.205000 -0.259595
2.207500 -0.258361
2.210000 -0.257130
2.212500 -0.255903
2.215000 -0.254680
2.217500 -0.253460
2.220000 -0.252244
2.222500 -0.251032
2.225000 -0.249823
2.227500 -0.248619
2.230000 -0.247417
2.232500 -0.246220
2.235000 -0.245026
2.237500 -0.243836
2.240000 -0.242650
2.242500 -0.241467
2.245000 -0.240288
2.247500 -0.239113
2.250000 -0.237942
2.252500 -0.236774
2.255000 -0.235610
2.257500 -0.234450
2.260000 -0.233293
2.262500 -0.232140
2.265000 -0.230991
2.267500 -0.229846
2.270000 -0.228704
2.272500 -0.227566
2.275000 -0.226432
2.277500 -0.225302
2.280000 -0.224175
2.282500 -0.223052
2.285000 -0.221933
2.287500 -0.220817
2.290000 -0.219706
2.292500 -0.218598
2.295000 -0.217493
2.297500 -0.216393
2.300000 -0.215296
2.302500 -0.214203
2.305000 -0.213114
2.307500 -0.212028
2.310000 -0.210946
2.312500 -0.209868
2.315000 -0.208794
2.317500 -0.207723
2.320000 -0.206656
2.322500 -0.205593
2.325000 -0.204534
2.327500 -0.203478
2.330000 -0.202426
2.332500 -0.201378
2.335000 -0.200333
2.337500 -0.199293
2.340000 -0.198256
2.342500 -0.197222
2.345000 -0.196193
2.347500 -0.195167
2.350000 -0.194145
2.352500 -0.193126
2.355000 -0.192111
2.357500 -0.191100
2.360000 -0.190093
2.362500 -0.189089
2.365000 -0.188089
2.367500 -0.187093
2.370000 -0.186101
2.372500 -0.185112
2.375000 -0.184127
2.377500 -0.183145
2.380000 -0.182168
2.382500 -0.181193
2.385000 -0.180223
2.387500 -0.179256
2.390000 -0.178293
2.392500 -0.177334
2.395000 -0.176378
2.397500 -0.175426
2.400000 -0.174478
2.402500 -0.173533
2.405000 -0.172592
2.407500 -0.171654
2.410000 -0.170721
2.412500 -0.169791
2.415000 -0.168864
2.417500 -0.167941
2.420000 -0.167022
2.422500 -0.166106
2.425000 -0.165194
2.427500 -0.164286
2.430000 -0.163381
2.432500 -0.162480
2.435000 -0.161582
2.437500 -0.160688
2.440000 -0.159798
2.442500 -0.158911
2.445000 -0.158028
2.447500 -0.157148
2.450000 -0.156272
2.452500 -0.155400
2.455000 -0.154531
2.457500 -0.153665
2.460000 -0.152803
2.462500 -0.151945
2.465000 -0.151090
2.467500 -0.150239
2.470000 -0.149391
2.472500 -0.148547
2.475000 -0.147707
2.477500 -0.146870
2.480000 -0.146036
2.482500 -0.145206
2.485000 -0.144379
2.487500 -0.143556
2.490000 -0.142736
2.492500 -0.141920
2.495000 -0.141107
2.497500 -0.140298
2.500000 -0.139492
2.502500 -0.138690
2.505000 -0.137891
2.507500 -0.137096
2.510000 -0.136304
2.512500 -0.135515
2.515000 -0.134730
2.517500 -0.133948
2.520000 -0.133170
2.522500 -0.132395
2.525000 -0.131623
2.527500 -0.130855
2.530000 -0.130090
2.532500 -0.129329
2.535000 -0.128571
2.537500 -0.127816
2.540000 -0.127065
2.542500 -0.126317
2.545000 -0.125572
2.547500 -0.124831
2.550000 -0.124093
2.552500 -0.123358
2.555000 -0.122627
2.557500 -0.121899
2.560000 -0.121174
2.562500 -0.120452
2.565000 -0.119734
2.567500 -0.119019
2.570000 -0.118308
2.572500 -0.117599
2.575000 -0.116894
2.577500 -0.116192
2.580000 -0.115494
2.582500 -0.114798
2.585000 -0.114106
2.587500 -0.113417
2.590000 -0.112731
2.592500 -0.112048
2.595000 -0.111369
2.597500 -0.110693
2.600000 -0.110020
2.602500 -0.109350
2.605000 -0.108683
2.607500 -0.108019
2.610000 -0.107359
2.612500 -0.106702
2.615000 -0.106047
2.617500 -0.105396
2.620000 -0.104748
2.622500 -0.104103
2.625000 -0.103462
2.627500 -0.102823
2.630000 -0.102187
2.632500 -0.101555
2.635000 -0.100925
2.637500 -0.100299
2.640000 -0.099675
2.642500 -0.099055
2.645000 -0.098438
2.647500 -0.097823
2.650000 -0.097212
2.652500 -0.096604
2.655000 -0.095998
2.657500 -0.095396
2.660000 -0.094796
2.662500 -0.094200
2.665000 -0.093607
2.667500 -0.093016
2.670000 -0.092429
2.672500 -0.091844
2.675000 -0.091262
2.677500 -0.090683
2.680000 -0.090107
2.682500 -0.089534
2.685000 -0.088964
2.687500 -0.088397
2.690000 -0.087833
2.692500 -0.087271
2.695000 -0.086713
2.697500 -0.086157
2.700000 -0.085604
2.702500 -0.085054
2.705000 -0.084506
2.707500 -0.083962
2.710000 -0.083420
2.712500 -0.082881
2.715000 -0.082345
2.717500 -0.081812
2.720000 -0.081281
2.722500 -0.080753
2.725000 -0.080228
2.727500 -0.079706
2.730000 -0.079186
2.732500 -0.078669
2.735000 -0.078155
2.737500 -0.077643
2.740000 -0.077134
2.742500 -0.076628
2.745000 -0.076125
2.747500 -0.075624
2.750000 -0.075126
2.752500 -0.074630
2.755000 -0.074137
2.757500 -0.073647
2.760000 -0.073160
2.762500 -0.072675
2.765000 -0.072192
2.767500 -0.071712
2.770000 -0.071235
2.772500 -0.070760
2.775000 -0.070288
2.777500 -0.069819
2.780000 -0.069352
2.782500 -0.068887
2.785000 -0.068425
2.787500 -0.067966
2.790000 -0.067509
2.792500 -0.067055
2.795000 -0.066603
2.797500 -0.066153
2.800000 -0.065706
2.802500 -0.065262
2.805000 -0.064820
2.807500 -0.064380
2.810000 -0.063943
2.812500 -0.063508
2.815000 -0.063076
2.817500 -0.062646
2.820000 -0.062218
2.822500 -0.061793
2.825000 -0.061370
2.827500 -0.060950
2.830000 -0.060532
2.832500 -0.060116
2.835000 -0.059703
2.837500 -0.059292
2.840000 -0.058883
2.842500 -0.058477
2.845000 -0.058073
2.847500 -0.057671
2.850000 -0.057272
2.852500 -0.056875
2.855000 -0.056480
2.857500 -0.056087
2.860000 -0.055697
2.862500 -0.055308
2.865000 -0.054923
2.867500 -0.054539
2.870000 -0.054157
2.872500 -0.053778
2.875000 -0.053401
2.877500 -0.053026
2.880000 -0.052654
2.882500 -0.052283
2.885000 -0.051915
2.887500 -0.051549
2.890000 -0.051184
2.892500 -0.050823
2.895000 -0.050463
2.897500 -0.050105
2.900000 -0.049750
2.902500 -0.049396
2.905000 -0.049045
2.907500 -0.048695
2.910000 -0.048348
2.912500 -0.048003
2.915000 -0.047660
2.917500 -0.047319
2.920000 -0.046980
2.922500 -0.046643
2.925000 -0.046308
2.927500 -0.045975
2.930000 -0.045644
2.932500 -0.045315
2.935000 -0.044988
2.937500 -0.044663
2.940000 -0.044340
2.942500 -0.044019
2.945000 -0.043700
2.947500 -0.043383
2.950000 -0.043067
2.952500 -0.042754
2.955000 -0.042443
2.957500 -0.042133
2.960000 -0.041826
2.962500 -0.041520
2.965000 -0.041216
2.967500 -0.040914
2.970000 -0.040614
2.972500 -0.040316
2.975000 -0.040019
2.977500 -0.039725
2.980000 -0.039432
2.982500 -0.039141
2.985000 -0.038852
2.987500 -0.038565
2.990000 -0.038279
2.992500 -0.037995
2.995000 -0.037713
2.997500 -0.037433
3.000000 -0.037155
3.002500 -0.036878
3.005000 -0.036603
3.007500 -0.036330
3.010000 -0.036059
3.012500 -0.035789
3.015000 -0.035521
3.017500 -0.035255
3.020000 -0.034990
3.022500 -0.034727
3.025000 -0.034466
3.027500 -0.034206
3.030000 -0.033948
3.032500 -0.033692
3.035000 -0.033437
3.037500 -0.033184
3.040000 -0.032933
3.042500 -0.032683
3.045000 -0.032435
3.047500 -0.032189
3.050000 -0.031944
3.052500 -0.031700
3.055000 -0.031459
3.057500 -0.031218
3.060000 -0.030980
3.062500 -0.030743
3.065000 -0.030507
3.067500 -0.030273
3.070000 -0.030041
3.072500 -0.029810
3.075000 -0.029581
3.077500 -0.029353
3.080000 -0.029126
3.082500 -0.028902
3.085000 -0.028678
3.087500 -0.028456
3.090000 -0.028236
3.092500 -0.028017
3.095000 -0.027799
3.097500 -0.027583
3.100000 -0.027369
3.102500 -0.027155
3.105000 -0.026944
3.107500 -0.026733
3.110000 -0.026524
3.112500 -0.026317
3.115000 -0.026111
3.117500 -0.025906
3.120000 -0.025703
3.122500 -0.025501
3.125000 -0.025300
3.127500 -0.025101
3.130000 -0.024903
3.132500 -0.024706
3.135000 -0.024511
3.137500 -0.024317
3.140000 -0.024125
3.142500 -0.023934
3.145000 -0.023744
3.147500 -0.023555
3.150000 -0.023368
3.152500 -0.023182
3.155000 -0.022997
3.157500 -0.022813
3.160000 -0.022631
3.162500 -0.022450
3.165000 -0.022270
3.167500 -0.022092
3.170000 -0.021915
3.172500 -0.021739
3.175000 -0.021564
3.177500 -0.021391
3.180000 -0.021218
3.182500 -0.021047
3.185000 -0.020877
3.187500 -0.020708
3.190000 -0.020541
3.192500 -0.020374
3.195000 -0.020209
3.197500 -0.020045
3.200000 -0.019882
3.202500 -0.019721
3.205000 -0.019560
3.207500 -0.019401
3.210000 -0.019242
3.212500 -0.019085
3.215000 -0.018929
3.217500 -0.018774
3.220000 -0.018620
3.222500 -0.018467
3.225000 -0.018316
3.227500 -0.018165
3.230000 -0.018016
3.232500 -0.017867
3.235000 -0.017720
3.237500 -0.017574
3.240000 -0.017428
3.242500 -0.017284
3.245000 -0.017141
3.247500 -0.016999
3.250000 -0.016858
3.252500 -0.016718
3.255000 -0.016579
3.257500 -0.016441
3.260000 -0.016304
3.262500 -0.016168
3.265000 -0.016033
3.267500 -0.015899
3.270000 -0.015766
3.272500 -0.015633
3.275000 -0.015502
3.277500 -0.015372
3.280000 -0.015243
3.282500 -0.015115
3.285000 -0.014988
3.287500 -0.014861
3.290000 -0.014736
3.292500 -0.014611
3.295000 -0.014488
3.297500 -0.014365
3.300000 -0.014243
3.302500 -0.014123
3.305000 -0.014003
3.307500 -0.013884
3.310000 -0.013766
3.312500 -0.013648
3.315000 -0.013532
3.317500 -0.013416
3.320000 -0.013302
3.322500 -0.013188
3.325000 -0.013075
3.327500 -0.012963
3.330000 -0.012852
3.332500 -0.012742
3.335000 -0.012632
3.337500 -0.012523
3.340000 -0.012416
3.342500 -0.012308
3.345000 -0.012202
3.347500 -0.012097
3.350000 -0.011992
3.352500 -0.011888
3.355000 -0.011785
3.357500 -0.011683
3.360000 -0.011582
3.362500 -0.011481
3.365000 -0.011381
3.367500 -0.011282
3.370000 -0.011184
3.372500 -0.011086
3.375000 -0.010989
3.377500 -0.010893
3.380000 -0.010798
3.382500 -0.010703
3.385000 -0.010609
3.387500 -0.010516
3.390000 -0.010424
3.392500 -0.010332
3.395000 -0.010241
3.397500 -0.010151
3.400000 -0.010061
3.402500 -0.009972
3.405000 -0.009884
3.407500 -0.009797
3.410000 -0.009710
3.412500 -0.009624
3.415000 -0.009538
3.417500 -0.009454
3.420000 -0.009370
3.422500 -0.009286
3.425000 -0.009203
3.427500 -0.009121
3.430000 -0.009040
3.432500 -0.008959
3.435000 -0.008879
3.437500 -0.008799
3.440000 -0.008721
3.442500 -0.008642
3.445000 -0.008565
3.447500 -0.008488
3.450000 -0.008411
3.452500 -0.008336
3.455000 -0.008260
3.457500 -0.008186
3.460000 -0.008112
3.462500 -0.008038
3.465000 -0.007966
3.467500 -0.007894
3.470000 -0.007822
3.472500 -0.007751
3.475000 -0.007680
3.477500 -0.007611
3.480000 -0.007541
3.482500 -0.007473
3.485000 -0.007404
3.487500 -0.007337
3.490000 -0.007270
3.492500 -0.007203
3.495000 -0.007137
3.497500 -0.007072
3.500000 -0.007007
3.502500 -0.006943
3.505000 -0.006879
3.507500 -0.006815
3.510000 -0.006753
3.512500 -0.006690
3.515000 -0.006629
3.517500 -0.006567
3.520000 -0.006507
3.522500 -0.006446
3.525000 -0.006387
3.527500 -0.006327
3.530000 -0.006269
3.532500 -0.006210
3.535000 -0.006153
3.537500 -0.006095
3.540000 -0.006039
3.542500 -0.005982
3.545000 -0.005926
3.547500 -0.005871
3.550000 -0.005816
3.552500 -0.005762
3.555000 -0.005708
3.557500 -0.005654
3.560000 -0.005601
3.562500 -0.005548
3.565000 -0.005496
3.567500 -0.005445
3.570000 -0.005393
3.572500 -0.005342
3.575000 -0.005292
3.577500 -0.005242
3.580000 -0.005192
3.582500 -0.005143
3.585000 -0.005094
3.587500 -0.005046
3.590000 -0.004998
3.592500 -0.004951
3.595000 -0.004903
3.597500 -0.004857
3.600000 -0.004810
3.602500 -0.004765
3.605000 -0.004719
3.607500 -0.004674
3.610000 -0.004629
3.612500 -0.004585
3.615000 -0.004541
3.617500 -0.004497
3.620000 -0.004454
3.622500 -0.004411
3.625000 -0.004369
3.627500 -0.004327
3.630000 -0.004285
3.632500 -0.004244
3.635000 -0.004203
3.637500 -0.004162
3.640000 -0.004122
3.642500 -0.004082
3.645000 -0.004042
3.647500 -0.004003
3.650000 -0.003964
3.652500 -0.003926
3.655000 -0.003888
3.657500 -0.003850
3.660000 -0.003812
3.662500 -0.003775
3.665000 -0.003738
3.667500 -0.003702
3.670000 -0.003665
3.672500 -0.003630
3.675000 -0.003594
3.677500 -0.003559
3.680000 -0.003524
3.682500 -0.003489
3.685000 -0.003455
3.687500 -0.003421
3.690000 -0.003387
3.692500 -0.003354
3.695000 -0.003321
3.697500 -0.003288
3.700000 -0.003255
3.702500 -0.003223
3.705000 -0.003191
3.707500 -0.003159
3.710000 -0.003128
3.712500 -0.003097
3.715000 -0.003066
3.717500 -0.003036
3.720000 -0.003005
3.722500 -0.002975
3.725000 -0.002946
3.727500 -0.002916
3.730000 -0.002887
3.732500 -0.002858
3.735000 -0.002830
3.737500 -0.002801
3.740000 -0.002773
3.742500 -0.002745
3.745000 -0.002718
3.747500 -0.002690
3.750000 -0.002663
3.752500 -0.002636
3.755000 -0.002610
3.757500 -0.002583
3.760000 -0.002557
3.762500 -0.002531
3.765000 -0.002506
3.767500 -0.002480
3.770000 -0.002455
3.772500 -0.002430
3.775000 -0.002406
3.777500 -0.002381
3.780000 -0.002357
3.782500 -0.002333
3.785000 -0.002309
3.787500 -0.002286
3.790000 -0.002262
3.792500 -0.002239
3.795000 -0.002216
3.797500 -0.002193
3.800000 -0.002171
3.802500 -0.002149
3.805000 -0.002127
3.807500 -0.002105
3.810000 -0.002083
3.812500 -0.002062
3.815000 -0.002040
3.817500 -0.002019
3.820000 -0.001998
3.822500 -0.001978
3.825000 -0.001957
3.827500 -0.001937
3.830000 -0.001917
3.832500 -0.001897
3.835000 -0.001877
3.837500 -0.001858
3.840000 -0.001839
3.842500 -0.001819
3.845000 -0.001801
3.847500 -0.001782
3.850000 -0.001763
3.852500 -0.001745
3.855000 -0.001727
3.857500 -0.001708
3.860000 -0.001691
3.862500 -0.001673
3.865000 -0.001655
3.867500 -0.001638
3.870000 -0.001621
3.872500 -0.001604
3.875000 -0.001587
3.877500 -0.001570
3.880000 -0.001553
3.882500 -0.001537
3.885000 -0.001521
3.887500 -0.001505
3.890000 -0.001489
3.892500 -0.001473
3.895000 -0.001457
3.897500 -0.001442
3.900000 -0.001427
3.902500 -0.001412
3.905000 -0.001397
3.907500 -0.001382
3.910000 -0.001367
3.912500 -0.001352
3.915000 -0.001338
3.917500 -0.001324
3.920000 -0.001309
3.922500 -0.001295
3.925000 -0.001282
3.927500 -0.001268
3.930000 -0.001254
3.932500 -0.001241
3.935000 -0.001227
3.937500 -0.001214
3.940000 -0.001201
3.942500 -0.001188
3.945000 -0.001175
3.947500 -0.001163
3.950000 -0.001150
3.952500 -0.001138
3.955000 -0.001125
3.957500 -0.001113
3.960000 -0.001101
3.962500 -0.001089
3.965000 -0.001077
3.967500 -0.001066
3.970000 -0.001054
3.972500 -0.001043
3.975000 -0.001031
3.977500 -0.001020
3.980000 -0.001009
3.982500 -0.000998
3.985000 -0.000987
3.987500 -0.000976
3.990000 -0.000965
3.992500 -0.000955
3.995000 -0.000944
3.997500 -0.000934
4.000000 -0.000924
4.002500 -0.000914
4.005000 -0.000904
4.007500 -0.000894
4.010000 -0.000884
4.012500 -0.000874
4.015000 -0.000864
4.017500 -0.000855
4.020000 -0.000845
4.022500 -0.000836
4.025000 -0.000827
4.027500 -0.000818
4.030000 -0.000808
4.032500 -0.000799
4.035000 -0.000791
4.037500 -0.000782
4.040000 -0.000773
4.042500 -0.000764
4.045000 -0.000756
4.047500 -0.000747
4.050000 -0.000739
4.052500 -0.000731
4.055000 -0.000723
4.057500 -0.000715
4.060000 -0.000707
4.062500 -0.000699
4.065000 -0.000691
4.067500 -0.000683
4.070000 -0.000675
4.072500 -0.000668
4.075000 -0.000660
4.077500 -0.000653
4.080000 -0.000645
4.082500 -0.000638
4.085000 -0.000631
4.087500 -0.000624
4.090000 -0.000617
4.092500 -0.000610
4.095000 -0.000603
4.097500 -0.000596
4.100000 -0.000589
4.102500 -0.000582
4.105000 -0.000576
4.107500 -0.000569
4.110000 -0.000563
4.112500 -0.000556
4.115000 -0.000550
4.117500 -0.000544
4.120000 -0.000538
4.122500 -0.000531
4.125000 -0.000525
4.127500 -0.000519
4.130000 -0.000513
4.132500 -0.000507
4.135000 -0.000502
4.137500 -0.000496
4.140000 -0.000490
4.142500 -0.000484
4.145000 -0.000479
4.147500 -0.000473
4.150000 -0.000468
4.152500 -0.000462
4.155000 -0.000457
4.157500 -0.000452
4.160000 -0.000447
4.162500 -0.000441
4.165000 -0.000436
4.167500 -0.000431
4.170000 -0.000426
4.172500 -0.000421
4.175000 -0.000416
4.177500 -0.000411
4.180000 -0.000407
4.182500 -0.000402
4.185000 -0.000397
4.187500 -0.000393
4.190000 -0.000388
4.192500 -0.000383
4.195000 -0.000379
4.197500 -0.000375
4.200000 -0.000370
4.202500 -0.000366
4.205000 -0.000361
4.207500 -0.000357
4.210000 -0.000353
4.212500 -0.000349
4.215000 -0.000345
4.217500 -0.000341
4.220000 -0.000337
4.222500 -0.000333
4.225000 -0.000329
4.227500 -0.000325
4.230000 -0.000321
4.232500 -0.000317
4.235000 -0.000313
4.237500 -0.000310
4.240000 -0.000306
4.242500 -0.000302
4.245000 -0.000299
4.247500 -0.000295
4.250000 -0.000292
4.252500 -0.000288
4.255000 -0.000285
4.257500 -0.000281
4.260000 -0.000278
4.262500 -0.000275
4.265000 -0.000271
4.267500 -0.000268
4.270000 -0.000265
4.272500 -0.000262
4.275000 -0.000259
4.277500 -0.000255
4.280000 -0.000252
4.282500 -0.000249
4.285000 -0.000246
4.287500 -0.000243
4.290000 -0.000240
4.292500 -0.000237
4.295000 -0.000235
4.297500 -0.000232
4.300000 -0.000229
4.302500 -0.000226
4.305000 -0.000223
4.307500 -0.000221
4.310000 -0.000218
4.312500 -0.000215
4.315000 -0.000213
4.317500 -0.000210
4.320000 -0.000208
4.322500 -0.000205
4.325000 -0.000203
4.327500 -0.000200
4.330000 -0.000198
4.332500 -0.000195
4.335000 -0.000193
4.337500 -0.000190
4.340000 -0.000188
4.342500 -0.000186
4.345000 -0.000184
4.347500 -0.000181
4.350000 -0.000179
4.352500 -0.000177
4.355000 -0.000175
4.357500 -0.000172
4.360000 -0.000170
4.362500 -0.000168
4.365000 -0.000166
4.367500 -0.000164
4.370000 -0.000162
4.372500 -0.000160
4.375000 -0.000158
4.377500 -0.000156
4.380000 -0.000154
4.382500 -0.000152
4.385000 -0.000150
4.387500 -0.000148
4.390000 -0.000147
4.392500 -0.000145
4.395000 -0.000143
4.397500 -0.000141
4.400000 -0.000139
4.402500 -0.000138
4.405000 -0.000136
4.407500 -0.000134
4.410000 -0.000133
4.412500 -0.000131
4.415000 -0.000129
4.417500 -0.000128
4.420000 -0.000126
4.422500 -0.000124
4.425000 -0.000123
4.427500 -0.000121
4.430000 -0.000120
4.432500 -0.000118
4.435000 -0.000117
4.437500 -0.000115
4.440000 -0.000114
4.442500 -0.000112
4.445000 -0.000111
4.447500 -0.000110
4.450000 -0.000108
4.452500 -0.000107
4.455000 -0.000105
4.457500 -0.000104
4.460000 -0.000103
4.462500 -0.000101
4.465000 -0.000100
4.467500 -0.000099
4.470000 -0.000098
4.472500 -0.000096
4.475000 -0.000095
4.477500 -0.000094
4.480000 -0.000093
4.482500 -0.000092
4.485000 -0.000090
4.487500 -0.000089
4.490000 -0.000088
4.492500 -0.000087
4.495000 -0.000086
4.497500 -0.000085
4.500000 -0.000084
4.502500 -0.000083
4.505000 -0.000081
4.507500 -0.000080
4.510000 -0.000079
4.512500 -0.000078
4.515000 -0.000077
4.517500 -0.000076
4.520000 -0.000075
4.522500 -0.000074
4.525000 -0.000073
4.527500 -0.000072
4.530000 -0.000071
4.532500 -0.000071
4.535000 -0.000070
4.537500 -0.000069
4.540000 -0.000068
4.542500 -0.000067
4.545000 -0.000066
4.547500 -0.000065
4.550000 -0.000064
4.552500 -0.000063
4.555000 -0.000063
4.557500 -0.000062
4.560000 -0.000061
4.562500 -0.000060
4.565000 -0.000059
4.567500 -0.000059
4.570000 -0.000058
4.572500 -0.000057
4.575000 -0.000056
4.577500 -0.000056
4.580000 -0.000055
4.582500 -0.000054
4.585000 -0.000053
4.587500 -0.000053
4.590000 -0.000052
4.592500 -0.000051
4.595000 -0.000051
4.597500 -0.000050
4.600000 -0.000049
4.602500 -0.000049
4.605000 -0.000048
4.607500 -0.000047
4.610000 -0.000047
4.612500 -0.000046
4.615000 -0.000045
4.617500 -0.000045
4.620000 -0.000044
4.622500 -0.000044
4.625000 -0.000043
4.627500 -0.000042
4.630000 -0.000042
4.632500 -0.000041
4.635000 -0.000041
4.637500 -0.000040
4.640000 -0.000040
4.642500 -0.000039
4.645000 -0.000039
4.647500 -0.000038
4.650000 -0.000038
4.652500 -0.000037
4.655000 -0.000037
4.657500 -0.000036
4.660000 -0.000036
4.662500 -0.000035
4.665000 -0.000035
4.667500 -0.000034
4.670000 -0.000034
4.672500 -0.000033
4.675000 -0.000033
4.677500 -0.000032
4.680000 -0.000032
4.682500 -0.000031
4.685000 -0.000031
4.687500 -0.000031
4.690000 -0.000030
4.692500 -0.000030
4.695000 -0.000029
4.697500 -0.000029
4.700000 -0.000029
4.702500 -0.000028
4.705000 -0.000028
4.707500 -0.000027
4.710000 -0.000027
4.712500 -0.000027
4.715000 -0.000026
4.717500 -0.000026
4.720000 -0.000025
4.722500 -0.000025
4.725000 -0.000025
4.727500 -0.000024
4.730000 -0.000024
4.732500 -0.000024
4.735000 -0.000023
4.737500 -0.000023
4.740000 -0.000023
4.742500 -0.000022
4.745000 -0.000022
4.747500 -0.000022
4.750000 -0.000022
4.752500 -0.000021
4.755000 -0.000021
4.757500 -0.000021
4.760000 -0.000020
4.762500 -0.000020
4.765000 -0.000020
4.767500 -0.000019
4.770000 -0.000019
4.772500 -0.000019
4.775000 -0.000019
4.777500 -0.000018
4.780000 -0.000018
4.782500 -0.000018
4.785000 -0.000018
4.787500 -0.000017
4.790000 -0.000017
4.792500 -0.000017
4.795000 -0.000017
4.797500 -0.000016
4.800000 -0.000016
4.802500 -0.000016
4.805000 -0.000016
4.807500 -0.000015
4.810000 -0.000015
4.812500 -0.000015
4.815000 -0.000015
4.817500 -0.000015
4.820000 -0.000014
4.822500 -0.000014
4.825000 -0.000014
4.827500 -0.000014
4.830000 -0.000013
4.832500 -0.000013
4.835000 -0.000013
4.837500 -0.000013
4.840000 -0.000013
4.842500 -0.000012
4.845000 -0.000012
4.847500 -0.000012
4.850000 -0.000012
4.852500 -0.000012
4.855000 -0.000012
4.857500 -0.000011
4.860000 -0.000011
4.862500 -0.000011
4.865000 -0.000011
4.867500 -0.000011
4.870000 -0.000011
4.872500 -0.000010
4.875000 -0.000010
4.877500 -0.000010
4.880000 -0.000010
4.882500 -0.000010
4.885000 -0.000010
4.887500 -0.000009
4.890000 -0.000009
4.892500 -0.000009
4.895000 -0.000009
4.897500 -0.000009
4.900000 -0.000009
4.902500 -0.000009
4.905000 -0.000008
4.907500 -0.000008
4.910000 -0.000008
4.912500 -0.000008
4.915000 -0.000008
4.917500 -0.000008
4.920000 -0.000008
4.922500 -0.000008
4.925000 -0.000007
4.927500 -0.000007
4.930000 -0.000007
4.932500 -0.000007
4.935000 -0.000007
4.937500 -0.000007
4.940000 -0.000007
4.942500 -0.000007
4.945000 -0.000006
4.947500 -0.000006
4.950000 -0.000006
4.952500 -0.000006
4.955000 -0.000006
4.957500 -0.000006
4.960000 -0.000006
4.962500 -0.000006
4.965000 -0.000006
4.967500 -0.000005
4.970000 -0.000005
4.972500 -0.000005
4.975000 -0.000005
4.977500 -0.000005
4.980000 -0.000005
4.982500 -0.000005
4.985000 -0.000005
4.987500 -0.000005
4.990000 -0.000005
4.992500 -0.000005
4.995000 -0.000004
4.997500 -0.000004
5.000000 -0.000004
5.002500 -0.000004
5.005000 -0.000004
5.007500 -0.000004
5.010000 -0.000004
5.012500 -0.000004
5.015000 -0.000004
5.017500 -0.000004
5.020000 -0.000004
5.022500 -0.000003
5.025000 -0.000003
5.027500 -0.000003
5.030000 -0.000003
5.032500 -0.000003
5.035000 -0.000003
5.037500 -0.000003
5.040000 -0.000003
5.042500 -0.000003
5.045000 -0.000003
5.047500 -0.000003
5.050000 -0.000003
5.052500 -0.000003
5.055000 -0.000002
5.057500 -0.000002
5.060000 -0.000002
5.062500 -0.000002
5.065000 -0.000002
5.067500 -0.000002
5.070000 -0.000002
5.072500 -0.000002
5.075000 -0.000002
5.077500 -0.000002
5.080000 -0.000002
5.082500 -0.000002
5.085000 -0.000002
5.087500 -0.000002
5.090000 -0.000002
5.092500 -0.000001
5.095000 -0.000001
5.097500 -0.000001
5.100000 -0.000001
5.102500 -0.000001
5.105000 -0.000001
5.107500 -0.000001
5.110000 -0.000001
5.112500 -0.000001
5.115000 -0.000001
5.117500 -0.000001
5.120000 -0.000001
5.122500 -0.000001
5.125000 -0.000001
5.127500 -0.000001
5.130000 -0.000000
5.132500 -0.000000
5.135000 -0.000000
5.137500 -0.000000
5.140000 -0.000000
5.142500 -0.000000
5.145000 -0.000000
5.147500 -0.000000
5.150000 0.000000
5.152500 0.000000
5.155000 0.000000
5.157500 0.000000
5.160000 0.000000
5.162500 0.000000
5.165000 0.000000
5.167500 0.000000
5.170000 0.000001
5.172500 0.000001
5.175000 0.000001
5.177500 0.000001
5.180000 0.000001
5.182500 0.000001
5.185000 0.000001
5.187500 0.000001
5.190000 0.000001
5.192500 0.000001
5.195000 0.000001
5.197500 0.000001
5.200000 0.000001
5.202500 0.000001
5.205000 0.000001
5.207500 0.000002
5.210000 0.000002
5.212500 0.000002
5.215000 0.000002
5.217500 0.000002
5.220000 0.000002
5.222500 0.000002
5.225000 0.000002
5.227500 0.000002
5.230000 0.000002
5.232500 0.000002
5.235000 0.000002
5.237500 0.000002
5.240000 0.000002
5.242500 0.000002
5.245000 0.000003
5.247500 0.000003
5.250000 0.000003
5.252500 0.000003
5.255000 0.000003
5.257500 0.000003
5.260000 0.000003
5.262500 0.000003
5.265000 0.000003
5.267500 0.000003
5.270000 0.000003
5.272500 0.000003
5.275000 0.000004
5.277500 0.000004
5.280000 0.000004
5.282500 0.000004
5.285000 0.000004
5.287500 0.000004
5.290000 0.000004
5.292500 0.000004
5.295000 0.000004
5.297500 0.000004
5.300000 0.000004
5.302500 0.000004
5.305000 0.000005
5.307500 0.000005
5.310000 0.000005
5.312500 0.000005
5.315000 0.000005
5.317500 0.000005
5.320000 0.000005
5.322500 0.000005
5.325000 0.000005
5.327500 0.000005
5.330000 0.000006
5.332500 0.000006
5.335000 0.000006
5.337500 0.000006
5.340000 0.000006
5.342500 0.000006
5.345000 0.000006
5.347500 0.000006
5.350000 0.000007
5.352500 0.000007
5.355000 0.000007
5.357500 0.000007
5.360000 0.000007
5.362500 0.000007
5.365000 0.000007
5.367500 0.000007
5.370000 0.000008
5.372500 0.000008
5.375000 0.000008
5.377500 0.000008
5.380000 0.000008
5.382500 0.000008
5.385000 0.000008
5.387500 0.000009
5.390000 0.000009
5.392500 0.000009
5.395000 0.000009
5.397500 0.000009
5.400000 0.000009
5.402500 0.000009
5.405000 0.000010
5.407500 0.000010
5.410000 0.000010
5.412500 0.000010
5.415000 0.000010
5.417500 0.000011
5.420000 0.000011
5.422500 0.000011
5.425000 0.000011
5.427500 0.000011
5.430000 0.000011
5.432500 0.000012
5.435000 0.000012
5.437500 0.000012
5.440000 0.000012
5.442500 0.000012
5.445000 0.000013
5.447500 0.000013
5.450000 0.000013
5.452500 0.000013
5.455000 0.000014
5.457500 0.000014
5.460000 0.000014
5.462500 0.000014
5.465000 0.000015
5.467500 0.000015
5.470000 0.000015
5.472500 0.000015
5.475000 0.000016
5.477500 0.000016
5.480000 0.000016
5.482500 0.000016
5.485000 0.000017
5.487500 0.000017
5.490000 0.000017
5.492500 0.000018
5.495000 0.000018
5.497500 0.000018
5.500000 0.000018
5.502500 0.000019
5.505000 0.000019
5.507500 0.000019
5.510000 0.000020
5.512500 0.000020
5.515000 0.000020
5.517500 0.000021
5.520000 0.000021
5.522500 0.000021
5.525000 0.000022
5.527500 0.000022
5.530000 0.000023
5.532500 0.000023
5.535000 0.000023
5.537500 0.000024
5.540000 0.000024
5.542500 0.000025
5.545000 0.000025
5.547500 0.000025
5.550000 0.000026
5.552500 0.000026
5.555000 0.000027
5.557500 0.000027
5.560000 0.000028
5.562500 0.000028
5.565000 0.000029
5.567500 0.000029
5.570000 0.000030
5.572500 0.000030
5.575000 0.000031
5.577500 0.000031
5.580000 0.000032
5.582500 0.000032
5.585000 0.000033
5.587500 0.000033
5.590000 0.000034
5.592500 0.000035
5.595000 0.000035
5.597500 0.000036
5.600000 0.000036
5.602500 0.000037
5.605000 0.000038
5.607500 0.000038
5.610000 0.000039
5.612500 0.000040
5.615000 0.000040
5.617500 0.000041
5.620000 0.000042
5.622500 0.000042
5.625000 0.000043
5.627500 0.000044
5.630000 0.000045
5.632500 0.000045
5.635000 0.000046
5.637500 0.000047
5.640000 0.000048
5.642500 0.000049
5.645000 0.000049
5.647500 0.000050
5.650000 0.000051
5.652500 0.000052
5.655000 0.000053
5.657500 0.000054
5.660000 0.000055
5.662500 0.000056
5.665000 0.000057
5.667500 0.000058
5.670000 0.000059
5.672500 0.000060
5.675000 0.000061
5.677500 0.000062
5.680000 0.000063
5.682500 0.000064
5.685000 0.000065
5.687500 0.000066
5.690000 0.000068
5.692500 0.000069
5.695000 0.000070
5.697500 0.000071
5.700000 0.000072
5.702500 0.000074
5.705000 0.000075
5.707500 0.000076
5.710000 0.000078
5.712500 0.000079
5.715000 0.000081
5.717500 0.000082
5.720000 0.000083
5.722500 0.000085
5.725000 0.000086
5.727500 0.000088
5.730000 0.000089
5.732500 0.000091
5.735000 0.000093
5.737500 0.000094
5.740000 0.000096
5.742500 0.000098
5.745000 0.000099
5.747500 0.000101
5.750000 0.000103
5.752500 0.000105
5.755000 0.000107
5.757500 0.000109
5.760000 0.000111
5.762500 0.000113
5.765000 0.000115
5.767500 0.000117
5.770000 0.000119
5.772500 0.000121
5.775000 0.000123
5.777500 0.000125
5.780000 0.000127
5.782500 0.000130
5.785000 0.000132
5.787500 0.000134
5.790000 0.000137
5.792500 0.000139
5.795000 0.000142
5.797500 0.000144
5.800000 0.000147
5.802500 0.000150
5.805000 0.000152
5.807500 0.000155
5.810000 0.000158
5.812500 0.000161
5.815000 0.000164
5.817500 0.000167
5.820000 0.000170
5.822500 0.000173
5.825000 0.000176
5.827500 0.000179
5.830000 0.000183
5.832500 0.000186
5.835000 0.000189
5.837500 0.000193
5.840000 0.000196
5.842500 0.000200
5.845000 0.000203
5.847500 0.000207
5.850000 0.000211
5.852500 0.000215
5.855000 0.000219
5.857500 0.000223
5.860000 0.000227
5.862500 0.000231
5.865000 0.000235
5.867500 0.000240
5.870000 0.000244
5.872500 0.000248
5.875000 0.000253
5.877500 0.000258
5.880000 0.000262
5.882500 0.000267
5.885000 0.000272
5.887500 0.000277
5.890000 0.000282
5.892500 0.000288
5.895000 0.000293
5.897500 0.000298
5.900000 0.000304
5.902500 0.000310
5.905000 0.000315
5.907500 0.000321
5.910000 0.000327
5.912500 0.000333
5.915000 0.000339
5.917500 0.000346
5.920000 0.000352
5.922500 0.000359
5.925000 0.000366
5.927500 0.000372
5.930000 0.000379
5.932500 0.000386
5.935000 0.000394
5.937500 0.000401
5.940000 0.000409
5.942500 0.000416
5.945000 0.000424
5.947500 0.000432
5.950000 0.000440
5.952500 0.000448
5.955000 0.000457
5.957500 0.000465
5.960000 0.000474
5.962500 0.000483
5.965000 0.000492
5.967500 0.000501
5.970000 0.000511
5.972500 0.000521
5.975000 0.000530
5.977500 0.000541
5.980000 0.000551
5.982500 0.000561
5.985000 0.000572
5.987500 0.000583
5.990000 0.000594
5.992500 0.000605
5.995000 0.000617
5.997500 0.000628
6.000000 0.000640
6.002500 0.000652
6.005000 0.000665
6.007500 0.000678
6.010000 0.000690
6.012500 0.000704
6.015000 0.000717
6.017500 0.000731
6.020000 0.000745
6.022500 0.000759
6.025000 0.000774
6.027500 0.000788
6.030000 0.000804
6.032500 0.000819
6.035000 0.000835
6.037500 0.000851
6.040000 0.000867
6.042500 0.000884
6.045000 0.000901
6.047500 0.000918
6.050000 0.000936
6.052500 0.000954
6.055000 0.000972
6.057500 0.000991
6.060000 0.001010
6.062500 0.001030
6.065000 0.001050
6.067500 0.001070
6.070000 0.001091
6.072500 0.001112
6.075000 0.001134
6.077500 0.001156
6.080000 0.001178
6.082500 0.001201
6.085000 0.001224
6.087500 0.001248
6.090000 0.001272
6.092500 0.001297
6.095000 0.001322
6.097500 0.001348
6.100000 0.001375
6.102500 0.001401
6.105000 0.001429
6.107500 0.001457
6.110000 0.001485
6.112500 0.001514
6.115000 0.001544
6.117500 0.001574
6.120000 0.001605
6.122500 0.001637
6.125000 0.001669
6.127500 0.001702
6.130000 0.001735
6.132500 0.001769
6.135000 0.001804
6.137500 0.001840
6.140000 0.001876
6.142500 0.001913
6.145000 0.001951
6.147500 0.001990
6.150000 0.002029
6.152500 0.002069
6.155000 0.002110
6.157500 0.002152
6.160000 0.002195
6.162500 0.002238
6.165000 0.002283
6.167500 0.002328
6.170000 0.002374
6.172500 0.002421
6.175000 0.002470
6.177500 0.002519
6.180000 0.002569
6.182500 0.002620
6.185000 0.002672
6.187500 0.002726
6.190000 0.002780
6.192500 0.002836
6.195000 0.002893
6.197500 0.002950
6.200000 0.003010
6.202500 0.003070
6.205000 0.003131
6.207500 0.003194
6.210000 0.003258
6.212500 0.003324
6.215000 0.003391
6.217500 0.003459
6.220000 0.003528
6.222500 0.003600
6.225000 0.003672
6.227500 0.003746
6.230000 0.003822
6.232500 0.003899
6.235000 0.003978
6.237500 0.004058
6.240000 0.004140
6.242500 0.004224
6.245000 0.004309
6.247500 0.004397
6.250000 0.004486
6.252500 0.004577
6.255000 0.004670
6.257500 0.004765
6.260000 0.004862
6.262500 0.004961
6.265000 0.005062
6.267500 0.005165
6.270000 0.005270
6.272500 0.005377
6.275000 0.005487
6.277500 0.005599
6.280000 0.005714
6.282500 0.005830
6.285000 0.005950
6.287500 0.006071
6.290000 0.006196
6.292500 0.006323
6.295000 0.006452
6.297500 0.006585
6.300000 0.006720
6.302500 0.006858
6.305000 0.006999
6.307500 0.007143
6.310000 0.007290
6.312500 0.007440
6.315000 0.007594
6.317500 0.007750
6.320000 0.007910
6.322500 0.008073
6.325000 0.008240
6.327500 0.008410
6.330000 0.008584
6.332500 0.008762
6.335000 0.008944
6.337500 0.009129
6.340000 0.009318
6.342500 0.009512
6.345000 0.009709
6.347500 0.009911
6.350000 0.010117
6.352500 0.010327
6.355000 0.010542
6.357500 0.010762
6.360000 0.010986
6.362500 0.011215
6.365000 0.011449
6.367500 0.011688
6.370000 0.011932
6.372500 0.012182
6.375000 0.012436
6.377500 0.012697
6.380000 0.012962
6.382500 0.013234
6.385000 0.013512
6.387500 0.013795
6.390000 0.014085
6.392500 0.014380
6.395000 0.014683
6.397500 0.014991
6.400000 0.015307
6.402500 0.015629
6.405000 0.015959
6.407500 0.016295
6.410000 0.016639
6.412500 0.016990
6.415000 0.017349
6.417500 0.017715
6.420000 0.018090
6.422500 0.018473
6.425000 0.018864
6.427500 0.019263
6.430000 0.019672
6.432500 0.020089
6.435000 0.020515
6.437500 0.020951
6.440000 0.021396
6.442500 0.021851
6.445000 0.022316
6.447500 0.022791
6.450000 0.023277
6.452500 0.023773
6.455000 0.024280
6.457500 0.024798
6.460000 0.025327
6.462500 0.025868
6.465000 0.026422
6.467500 0.026987
6.470000 0.027564
6.472500 0.028155
6.475000 0.028758
6.477500 0.029375
6.480000 0.030005
6.482500 0.030649
6.485000 0.031308
6.487500 0.031981
6.490000 0.032668
6.492500 0.033371
6.495000 0.034090
6.497500 0.034825
6.500000 0.035575
6.502500 0.036343
6.505000 0.037127
6.507500 0.037929
6.510000 0.038749
6.512500 0.039587
6.515000 0.040444
6.517500 0.041319
6.520000 0.042214
6.522500 0.043129
6.525000 0.044065
6.527500 0.045021
6.530000 0.045999
6.532500 0.046998
6.535000 0.048020
6.537500 0.049065
6.540000 0.050133
6.542500 0.051225
6.545000 0.052341
6.547500 0.053483
6.550000 0.054650
6.552500 0.055843
6.555000 0.057063
6.557500 0.058311
6.560000 0.059586
6.562500 0.060890
6.565000 0.062224
6.567500 0.063587
6.570000 0.064981
6.572500 0.066407
6.575000 0.067864
6.577500 0.069355
6.580000 0.070879
6.582500 0.072438
6.585000 0.074032
6.587500 0.075662
6.590000 0.077329
6.592500 0.079033
6.595000 0.080777
6.597500 0.082559
6.600000 0.084382
6.602500 0.086247
6.605000 0.088154
6.607500 0.090104
6.610000 0.092098
6.612500 0.094138
6.615000 0.096225
6.617500 0.098358
6.620000 0.100541
6.622500 0.102773
6.625000 0.105056
6.627500 0.107391
6.630000 0.109779
6.632500 0.112223
6.635000 0.114721
6.637500 0.117277
6.640000 0.119892
6.642500 0.122566
6.645000 0.125302
6.647500 0.128100
6.650000 0.130963
6.652500 0.133891
6.655000 0.136887
6.657500 0.139951
6.660000 0.143086
6.662500 0.146293
6.665000 0.149574
6.667500 0.152930
6.670000 0.156364
6.672500 0.159877
6.675000 0.163470
6.677500 0.167147
6.680000 0.170909
6.682500 0.174757
6.685000 0.178695
6.687500 0.182724
6.690000 0.186846
6.692500 0.191063
6.695000 0.195378
6.697500 0.199794
6.700000 0.204311
6.702500 0.208934
6.705000 0.213664
6.707500 0.218504
6.710000 0.223456
6.712500 0.228523
6.715000 0.233709
6.717500 0.239015
6.720000 0.244445
6.722500 0.250002
6.725000 0.255688
6.727500 0.261507
6.730000 0.267462
6.732500 0.273556
6.735000 0.279793
6.737500 0.286175
6.740000 0.292707
6.742500 0.299392
6.745000 0.306234
6.747500 0.313236
6.750000 0.320402
6.752500 0.327737
6.755000 0.335243
6.757500 0.342927
6.760000 0.350791
6.762500 0.358840
6.765000 0.367078
6.767500 0.375511
6.770000 0.384142
6.772500 0.392977
6.775000 0.402020
6.777500 0.411277
6.780000 0.420752
6.782500 0.430452
6.785000 0.440380
6.787500 0.450544
6.790000 0.460948
6.792500 0.471599
6.795000 0.482503
6.797500 0.493664
6.800000 0.505091
6.802500 0.516789
6.805000 0.528765
6.807500 0.541025
6.810000 0.553577
6.812500 0.566428
6.815000 0.579585
6.817500 0.593055
6.820000 0.606846
6.822500 0.620966
6.825000 0.635423
6.827500 0.650225
6.830000 0.665380
6.832500 0.680898
6.835000 0.696787
6.837500 0.713056
6.840000 0.729715
6.842500 0.746773
6.845000 0.764239
6.847500 0.782124
6.850000 0.800439
6.852500 0.819193
6.855000 0.838398
6.857500 0.858064
6.860000 0.878204
6.862500 0.898827
6.865000 0.919948
6.867500 0.941577
6.870000 0.963727
6.872500 0.986412
6.875000 1.009644
6.877500 1.033436
6.880000 1.057804
6.882500 1.082760
6.885000 1.108320
6.887500 1.134498
6.890000 1.161310
6.892500 1.188772
6.895000 1.216899
6.897500 1.245708
6.900000 1.275216
6.902500 1.305440
6.905000 1.336398
6.907500 1.368109
6.910000 1.400591
6.912500 1.433864
6.915000 1.467946
