0.001250 1.000000
0.003750 0.999968
0.006250 0.999903
0.008750 0.999806
0.011250 0.999676
0.013750 0.999514
0.016250 0.999320
0.018750 0.999093
0.021250 0.998834
0.023750 0.998543
0.026250 0.998219
0.028750 0.997863
0.031250 0.997475
0.033750 0.997054
0.036250 0.996602
0.038750 0.996116
0.041250 0.995599
0.043750 0.995049
0.046250 0.994468
0.048750 0.993854
0.051250 0.993207
0.053750 0.992529
0.056250 0.991818
0.058750 0.991076
0.061250 0.990301
0.063750 0.989494
0.066250 0.988656
0.068750 0.987785
0.071250 0.986882
0.073750 0.985948
0.076250 0.984981
0.078750 0.983983
0.081250 0.982953
0.083750 0.981891
0.086250 0.980797
0.088750 0.979671
0.091250 0.978514
0.093750 0.977326
0.096250 0.976105
0.098750 0.974853
0.101250 0.973570
0.103750 0.972255
0.106250 0.970908
0.108750 0.969531
0.111250 0.968122
0.113750 0.966681
0.116250 0.965210
0.118750 0.963707
0.121250 0.962173
0.123750 0.960608
0.126250 0.959012
0.128750 0.957386
0.131250 0.955728
0.133750 0.954039
0.136250 0.952320
0.138750 0.950569
0.141250 0.948789
0.143750 0.946977
0.146250 0.945135
0.148750 0.943263
0.151250 0.941360
0.153750 0.939427
0.156250 0.937463
0.158750 0.935469
0.161250 0.933445
0.163750 0.931391
0.166250 0.929307
0.168750 0.927193
0.171250 0.925050
0.173750 0.922876
0.176250 0.920673
0.178750 0.918440
0.181250 0.916177
0.183750 0.913885
0.186250 0.911564
0.188750 0.909213
0.191250 0.906833
0.193750 0.904424
0.196250 0.901986
0.198750 0.899519
0.201250 0.897023
0.203750 0.894498
0.206250 0.891944
0.208750 0.889362
0.211250 0.886751
0.213750 0.884112
0.216250 0.881444
0.218750 0.878748
0.221250 0.876024
0.223750 0.873272
0.226250 0.870491
0.228750 0.867683
0.231250 0.864847
0.233750 0.861983
0.236250 0.859092
0.238750 0.856173
0.241250 0.853227
0.243750 0.850253
0.246250 0.847252
0.248750 0.844224
0.251250 0.841169
0.253750 0.838088
0.256250 0.834979
0.258750 0.831843
0.261250 0.828681
0.263750 0.825493
0.266250 0.822278
0.268750 0.819037
0.271250 0.815770
0.273750 0.812476
0.276250 0.809157
0.278750 0.805812
0.281250 0.802441
0.283750 0.799045
0.286250 0.795623
0.288750 0.792176
0.291250 0.788704
0.293750 0.785206
0.296250 0.781684
0.298750 0.778136
0.301250 0.774564
0.303750 0.770967
0.306250 0.767346
0.308750 0.763700
0.311250 0.760030
0.313750 0.756336
0.316250 0.752617
0.318750 0.748875
0.321250 0.745109
0.323750 0.741320
0.326250 0.737507
0.328750 0.733670
0.331250 0.729811
0.333750 0.725928
0.336250 0.722022
0.338750 0.718093
0.341250 0.714142
0.343750 0.710168
0.346250 0.706171
0.348750 0.702152
0.351250 0.698111
0.353750 0.694048
0.356250 0.689963
0.358750 0.685856
0.361250 0.681727
0.363750 0.677577
0.366250 0.673406
0.368750 0.669213
0.371250 0.664999
0.373750 0.660764
0.376250 0.656509
0.378750 0.652233
0.381250 0.647936
0.383750 0.643619
0.386250 0.639281
0.388750 0.634924
0.391250 0.630546
0.393750 0.626149
0.396250 0.621732
0.398750 0.617295
0.401250 0.612839
0.403750 0.608364
0.406250 0.603870
0.408750 0.599357
0.411250 0.594825
0.413750 0.590274
0.416250 0.585705
0.418750 0.581118
0.421250 0.576512
0.423750 0.571889
0.426250 0.567247
0.428750 0.562588
0.431250 0.557911
0.433750 0.553217
0.436250 0.548506
0.438750 0.543777
0.441250 0.539032
0.443750 0.534269
0.446250 0.529490
0.448750 0.524695
0.451250 0.519883
0.453750 0.515055
0.456250 0.510211
0.458750 0.505352
0.461250 0.500476
0.463750 0.495585
0.466250 0.490679
0.468750 0.485757
0.471250 0.480820
0.473750 0.475869
0.476250 0.470902
0.478750 0.465922
0.481250 0.460926
0.483750 0.455917
0.486250 0.450893
0.488750 0.445855
0.491250 0.440804
0.493750 0.435739
0.496250 0.430660
0.498750 0.425569
0.501250 0.420464
0.503750 0.415346
0.506250 0.410215
0.508750 0.405072
0.511250 0.399917
0.513750 0.394749
0.516250 0.389569
0.518750 0.384376
0.521250 0.379173
0.523750 0.373957
0.526250 0.368730
0.528750 0.363492
0.531250 0.358243
0.533750 0.352982
0.536250 0.347711
0.538750 0.342429
0.541250 0.337137
0.543750 0.331834
0.546250 0.326522
0.548750 0.321199
0.551250 0.315867
0.553750 0.310525
0.556250 0.305173
0.558750 0.299812
0.561250 0.294442
0.563750 0.289063
0.566250 0.283676
0.568750 0.278280
0.571250 0.272875
0.573750 0.267462
0.576250 0.262041
0.578750 0.256612
0.581250 0.251175
0.583750 0.245730
0.586250 0.240279
0.588750 0.234819
0.591250 0.229353
0.593750 0.223880
0.596250 0.218400
0.598750 0.212914
0.601250 0.207421
0.603750 0.201922
0.606250 0.196417
0.608750 0.190905
0.611250 0.185389
0.613750 0.179866
0.616250 0.174338
0.618750 0.168805
0.621250 0.163267
0.623750 0.157724
0.626250 0.152176
0.628750 0.146624
0.631250 0.141068
0.633750 0.135507
0.636250 0.129942
0.638750 0.124373
0.641250 0.118800
0.643750 0.113224
0.646250 0.107645
0.648750 0.102062
0.651250 0.096477
0.653750 0.090888
0.656250 0.085297
0.658750 0.079703
0.661250 0.074107
0.663750 0.068509
0.666250 0.062909
0.668750 0.057306
0.671250 0.051703
0.673750 0.046097
0.676250 0.040490
0.678750 0.034882
0.681250 0.029273
0.683750 0.023664
0.686250 0.018053
0.688750 0.012442
0.691250 0.006830
0.693750 0.001219
0.696250 -0.004393
0.698750 -0.010004
0.701250 -0.015616
0.703750 -0.021227
0.706250 -0.026837
0.708750 -0.032446
0.711250 -0.038055
0.713750 -0.043662
0.716250 -0.049268
0.718750 -0.054873
0.721250 -0.060476
0.723750 -0.066077
0.726250 -0.071676
0.728750 -0.077274
0.731250 -0.082869
0.733750 -0.088461
0.736250 -0.094051
0.738750 -0.099639
0.741250 -0.105223
0.743750 -0.110804
0.746250 -0.116383
0.748750 -0.121958
0.751250 -0.127529
0.753750 -0.133096
0.756250 -0.138660
0.758750 -0.144220
0.761250 -0.149776
0.763750 -0.155327
0.766250 -0.160874
0.768750 -0.166416
0.771250 -0.171954
0.773750 -0.177487
0.776250 -0.183014
0.778750 -0.188537
0.781250 -0.194053
0.783750 -0.199565
0.786250 -0.205071
0.788750 -0.210570
0.791250 -0.216064
0.793750 -0.221552
0.796250 -0.227034
0.798750 -0.232509
0.801250 -0.237977
0.803750 -0.243439
0.806250 -0.248893
0.808750 -0.254341
0.811250 -0.259782
0.813750 -0.265215
0.816250 -0.270641
0.818750 -0.276059
0.821250 -0.281469
0.823750 -0.286872
0.826250 -0.292266
0.828750 -0.297652
0.831250 -0.303030
0.833750 -0.308400
0.836250 -0.313760
0.838750 -0.319112
0.841250 -0.324455
0.843750 -0.329789
0.846250 -0.335114
0.848750 -0.340430
0.851250 -0.345736
0.853750 -0.351032
0.856250 -0.356319
0.858750 -0.361596
0.861250 -0.366862
0.863750 -0.372119
0.866250 -0.377365
0.868750 -0.382601
0.871250 -0.387827
0.873750 -0.393041
0.876250 -0.398245
0.878750 -0.403438
0.881250 -0.408620
0.883750 -0.413790
0.886250 -0.418949
0.888750 -0.424097
0.891250 -0.429233
0.893750 -0.434358
0.896250 -0.439470
0.898750 -0.444571
0.901250 -0.449659
0.903750 -0.454735
0.906250 -0.459799
0.908750 -0.464850
0.911250 -0.469889
0.913750 -0.474915
0.916250 -0.479928
0.918750 -0.484928
0.921250 -0.489915
0.923750 -0.494889
0.926250 -0.499849
0.928750 -0.504796
0.931250 -0.509730
0.933750 -0.514649
0.936250 -0.519555
0.938750 -0.524447
0.941250 -0.529325
0.943750 -0.534189
0.946250 -0.539038
0.948750 -0.543874
0.951250 -0.548694
0.953750 -0.553500
0.956250 -0.558291
0.958750 -0.563068
0.961250 -0.567829
0.963750 -0.572576
0.966250 -0.577307
0.968750 -0.582023
0.971250 -0.586724
0.973750 -0.591409
0.976250 -0.596078
0.978750 -0.600732
0.981250 -0.605370
0.983750 -0.609993
0.986250 -0.614599
0.988750 -0.619189
0.991250 -0.623763
0.993750 -0.628321
0.996250 -0.632862
0.998750 -0.637387
1.001250 -0.641895
1.003750 -0.646386
1.006250 -0.650861
1.008750 -0.655319
1.011250 -0.659760
1.013750 -0.664183
1.016250 -0.668590
1.018750 -0.672979
1.021250 -0.677351
1.023750 -0.681706
1.026250 -0.686043
1.028750 -0.690363
1.031250 -0.694664
1.033750 -0.698949
1.036250 -0.703215
1.038750 -0.707463
1.041250 -0.711693
1.043750 -0.715905
1.046250 -0.720099
1.048750 -0.724274
1.051250 -0.728432
1.053750 -0.732570
1.056250 -0.736691
1.058750 -0.740792
1.061250 -0.744875
1.063750 -0.748939
1.066250 -0.752985
1.068750 -0.757011
1.071250 -0.761018
1.073750 -0.765007
1.076250 -0.768976
1.078750 -0.772926
1.081250 -0.776857
1.083750 -0.780768
1.086250 -0.784660
1.088750 -0.788532
1.091250 -0.792385
1.093750 -0.796219
1.096250 -0.800032
1.098750 -0.803826
1.101250 -0.807600
1.103750 -0.811354
1.106250 -0.815088
1.108750 -0.818803
1.111250 -0.822497
1.113750 -0.826171
1.116250 -0.829824
1.118750 -0.833458
1.121250 -0.837071
1.123750 -0.840664
1.126250 -0.844236
1.128750 -0.847788
1.131250 -0.851320
1.133750 -0.854831
1.136250 -0.858321
1.138750 -0.861790
1.141250 -0.865239
1.143750 -0.868667
1.146250 -0.872074
1.148750 -0.875460
1.151250 -0.878826
1.153750 -0.882170
1.156250 -0.885493
1.158750 -0.888795
1.161250 -0.892077
1.163750 -0.895336
1.166250 -0.898575
1.168750 -0.901792
1.171250 -0.904989
1.173750 -0.908163
1.176250 -0.911317
1.178750 -0.914449
1.181250 -0.917559
1.183750 -0.920648
1.186250 -0.923716
1.188750 -0.926762
1.191250 -0.929786
1.193750 -0.932789
1.196250 -0.935770
1.198750 -0.938729
1.201250 -0.941667
1.203750 -0.944583
1.206250 -0.947477
1.208750 -0.950349
1.211250 -0.953200
1.213750 -0.956028
1.216250 -0.958835
1.218750 -0.961620
1.221250 -0.964383
1.223750 -0.967123
1.226250 -0.969842
1.228750 -0.972539
1.231250 -0.975214
1.233750 -0.977866
1.236250 -0.980497
1.238750 -0.983106
1.241250 -0.985692
1.243750 -0.988256
1.246250 -0.990798
1.248750 -0.993318
1.251250 -0.995816
1.253750 -0.998292
1.256250 -1.000745
1.258750 -1.003176
1.261250 -1.005585
1.263750 -1.007971
1.266250 -1.010336
1.268750 -1.012678
1.271250 -1.014998
1.273750 -1.017295
1.276250 -1.019570
1.278750 -1.021823
1.281250 -1.024054
1.283750 -1.026262
1.286250 -1.028448
1.288750 -1.030612
1.291250 -1.032753
1.293750 -1.034872
1.296250 -1.036969
1.298750 -1.039043
1.301250 -1.041095
1.303750 -1.043125
1.306250 -1.045132
1.308750 -1.047117
1.311250 -1.049080
1.313750 -1.051020
1.316250 -1.052939
1.318750 -1.054834
1.321250 -1.056708
1.323750 -1.058559
1.326250 -1.060388
1.328750 -1.062195
1.331250 -1.063979
1.333750 -1.065741
1.336250 -1.067481
1.338750 -1.069199
1.341250 -1.070894
1.343750 -1.072568
1.346250 -1.074219
1.348750 -1.075847
1.351250 -1.077454
1.353750 -1.079039
1.356250 -1.080601
1.358750 -1.082141
1.361250 -1.083660
1.363750 -1.085156
1.366250 -1.086630
1.368750 -1.088082
1.371250 -1.089512
1.373750 -1.090920
1.376250 -1.092306
1.378750 -1.093670
1.381250 -1.095012
1.383750 -1.096332
1.386250 -1.097631
1.388750 -1.098907
1.391250 -1.100162
1.393750 -1.101395
1.396250 -1.102606
1.398750 -1.103795
1.401250 -1.104963
1.403750 -1.106109
1.406250 -1.107233
1.408750 -1.108336
1.411250 -1.109417
1.413750 -1.110476
1.416250 -1.111514
1.418750 -1.112530
1.421250 -1.113525
1.423750 -1.114499
1.426250 -1.115451
1.428750 -1.116382
1.431250 -1.117291
1.433750 -1.118179
1.436250 -1.119046
1.438750 -1.119892
1.441250 -1.120716
1.443750 -1.121519
1.446250 -1.122302
1.448750 -1.123063
1.451250 -1.123803
1.453750 -1.124522
1.456250 -1.125220
1.458750 -1.125898
1.461250 -1.126554
1.463750 -1.127190
1.466250 -1.127805
1.468750 -1.128399
1.471250 -1.128972
1.473750 -1.129525
1.476250 -1.130058
1.478750 -1.130569
1.481250 -1.131061
1.483750 -1.131531
1.486250 -1.131982
1.488750 -1.132412
1.491250 -1.132822
1.493750 -1.133211
1.496250 -1.133581
1.498750 -1.133930
1.501250 -1.134259
1.503750 -1.134568
1.506250 -1.134857
1.508750 -1.135127
1.511250 -1.135376
1.513750 -1.135605
1.516250 -1.135815
1.518750 -1.136005
1.521250 -1.136176
1.523750 -1.136326
1.526250 -1.136458
1.528750 -1.136569
1.531250 -1.136662
1.533750 -1.136735
1.536250 -1.136788
1.538750 -1.136823
1.541250 -1.136838
1.543750 -1.136834
1.546250 -1.136811
1.548750 -1.136769
1.551250 -1.136708
1.553750 -1.136628
1.556250 -1.136529
1.558750 -1.136411
1.561250 -1.136275
1.563750 -1.136120
1.566250 -1.135947
1.568750 -1.135755
1.571250 -1.135544
1.573750 -1.135316
1.576250 -1.135068
1.578750 -1.134803
1.581250 -1.134519
1.583750 -1.134218
1.586250 -1.133898
1.588750 -1.133560
1.591250 -1.133205
1.593750 -1.132831
1.596250 -1.132440
1.598750 -1.132031
1.601250 -1.131604
1.603750 -1.131160
1.606250 -1.130698
1.608750 -1.130218
1.611250 -1.129722
1.613750 -1.129208
1.616250 -1.128677
1.618750 -1.128128
1.621250 -1.127563
1.623750 -1.126981
1.626250 -1.126381
1.628750 -1.125765
1.631250 -1.125132
1.633750 -1.124482
1.636250 -1.123816
1.638750 -1.123133
1.641250 -1.122433
1.643750 -1.121717
1.646250 -1.120985
1.648750 -1.120236
1.651250 -1.119471
1.653750 -1.118690
1.656250 -1.117893
1.658750 -1.117080
1.661250 -1.116251
1.663750 -1.115406
1.666250 -1.114546
1.668750 -1.113670
1.671250 -1.112778
1.673750 -1.111871
1.676250 -1.110948
1.678750 -1.110010
1.681250 -1.109056
1.683750 -1.108087
1.686250 -1.107104
1.688750 -1.106105
1.691250 -1.105091
1.693750 -1.104062
1.696250 -1.103019
1.698750 -1.101960
1.701250 -1.100887
1.703750 -1.099800
1.706250 -1.098698
1.708750 -1.097581
1.711250 -1.096450
1.713750 -1.095305
1.716250 -1.094146
1.718750 -1.092972
1.721250 -1.091785
1.723750 -1.090583
1.726250 -1.089368
1.728750 -1.088139
1.731250 -1.086896
1.733750 -1.085640
1.736250 -1.084370
1.738750 -1.083087
1.741250 -1.081790
1.743750 -1.080480
1.746250 -1.079157
1.748750 -1.077821
1.751250 -1.076471
1.753750 -1.075109
1.756250 -1.073734
1.758750 -1.072346
1.761250 -1.070945
1.763750 -1.069531
1.766250 -1.068105
1.768750 -1.066667
1.771250 -1.065216
1.773750 -1.063753
1.776250 -1.062278
1.778750 -1.060791
1.781250 -1.059291
1.783750 -1.057780
1.786250 -1.056256
1.788750 -1.054721
1.791250 -1.053174
1.793750 -1.051616
1.796250 -1.050046
1.798750 -1.048464
1.801250 -1.046871
1.803750 -1.045267
1.806250 -1.043652
1.808750 -1.042025
1.811250 -1.040388
1.813750 -1.038739
1.816250 -1.037080
1.818750 -1.035410
1.821250 -1.033729
1.823750 -1.032037
1.826250 -1.030335
1.828750 -1.028623
1.831250 -1.026900
1.833750 -1.025167
1.836250 -1.023423
1.838750 -1.021670
1.841250 -1.019906
1.843750 -1.018133
1.846250 -1.016349
1.848750 -1.014556
1.851250 -1.012753
1.853750 -1.010941
1.856250 -1.009119
1.858750 -1.007287
1.861250 -1.005446
1.863750 -1.003596
1.866250 -1.001737
1.868750 -0.999868
1.871250 -0.997991
1.873750 -0.996105
1.876250 -0.994209
1.878750 -0.992305
1.881250 -0.990392
1.883750 -0.988471
1.886250 -0.986541
1.888750 -0.984603
1.891250 -0.982656
1.893750 -0.980701
1.896250 -0.978738
1.898750 -0.976766
1.901250 -0.974787
1.903750 -0.972800
1.906250 -0.970804
1.908750 -0.968801
1.911250 -0.966791
1.913750 -0.964772
1.916250 -0.962746
1.918750 -0.960713
1.921250 -0.958672
1.923750 -0.956624
1.926250 -0.954569
1.928750 -0.952507
1.931250 -0.950437
1.933750 -0.948361
1.936250 -0.946278
1.938750 -0.944187
1.941250 -0.942091
1.943750 -0.939987
1.946250 -0.937877
1.948750 -0.935760
1.951250 -0.933638
1.953750 -0.931508
1.956250 -0.929373
1.958750 -0.927231
1.961250 -0.925083
1.963750 -0.922929
1.966250 -0.920770
1.968750 -0.918604
1.971250 -0.916433
1.973750 -0.914256
1.976250 -0.912073
1.978750 -0.909885
1.981250 -0.907691
1.983750 -0.905492
1.986250 -0.903288
1.988750 -0.901079
1.991250 -0.898864
1.993750 -0.896644
1.996250 -0.894419
1.998750 -0.892190
2.001250 -0.889955
2.003750 -0.887716
2.006250 -0.885472
2.008750 -0.883223
2.011250 -0.880970
2.013750 -0.878713
2.016250 -0.876451
2.018750 -0.874185
2.021250 -0.871914
2.023750 -0.869640
2.026250 -0.867361
2.028750 -0.865078
2.031250 -0.862792
2.033750 -0.860501
2.036250 -0.858207
2.038750 -0.855909
2.041250 -0.853607
2.043750 -0.851302
2.046250 -0.848993
2.048750 -0.846681
2.051250 -0.844366
2.053750 -0.842047
2.056250 -0.839725
2.058750 -0.837400
2.061250 -0.835072
2.063750 -0.832741
2.066250 -0.830407
2.068750 -0.828070
2.071250 -0.825731
2.073750 -0.823388
2.076250 -0.821044
2.078750 -0.818696
2.081250 -0.816346
2.083750 -0.813994
2.086250 -0.811639
2.088750 -0.809282
2.091250 -0.806923
2.093750 -0.804561
2.096250 -0.802198
2.098750 -0.799832
2.101250 -0.797465
2.103750 -0.795095
2.106250 -0.792724
2.108750 -0.790351
2.111250 -0.787977
2.113750 -0.785601
2.116250 -0.783223
2.118750 -0.780844
2.121250 -0.778463
2.123750 -0.776081
2.126250 -0.773698
2.128750 -0.771314
2.131250 -0.768928
2.133750 -0.766541
2.136250 -0.764154
2.138750 -0.761765
2.141250 -0.759375
2.143750 -0.756985
2.146250 -0.754594
2.148750 -0.752202
2.151250 -0.749809
2.153750 -0.747416
2.156250 -0.745023
2.158750 -0.742628
2.161250 -0.740234
2.163750 -0.737839
2.166250 -0.735444
2.168750 -0.733049
2.171250 -0.730653
2.173750 -0.728257
2.176250 -0.725862
2.178750 -0.723466
2.181250 -0.721070
2.183750 -0.718675
2.186250 -0.716280
2.188750 -0.713885
2.191250 -0.711490
2.193750 -0.709095
2.196250 -0.706701
2.198750 -0.704308
2.201250 -0.701915
2.203750 -0.699523
2.206250 -0.697131
2.208750 -0.694740
2.211250 -0.692349
2.213750 -0.689960
2.216250 -0.687571
2.218750 -0.685184
2.221250 -0.682797
2.223750 -0.680411
2.226250 -0.678027
2.228750 -0.675643
2.231250 -0.673261
2.233750 -0.670880
2.236250 -0.668500
2.238750 -0.666121
2.241250 -0.663744
2.243750 -0.661368
2.246250 -0.658994
2.248750 -0.656622
2.251250 -0.654251
2.253750 -0.651881
2.256250 -0.649513
2.258750 -0.647147
2.261250 -0.644783
2.263750 -0.642421
2.266250 -0.640060
2.268750 -0.637702
2.271250 -0.635345
2.273750 -0.632990
2.276250 -0.630638
2.278750 -0.628287
2.281250 -0.625939
2.283750 -0.623593
2.286250 -0.621249
2.288750 -0.618908
2.291250 -0.616569
2.293750 -0.614232
2.296250 -0.611898
2.298750 -0.609566
2.301250 -0.607236
2.303750 -0.604910
2.306250 -0.602585
2.308750 -0.600264
2.311250 -0.597945
2.313750 -0.595629
2.316250 -0.593316
2.318750 -0.591005
2.321250 -0.588697
2.323750 -0.586393
2.326250 -0.584091
2.328750 -0.581792
2.331250 -0.579496
2.333750 -0.577203
2.336250 -0.574914
2.338750 -0.572627
2.341250 -0.570344
2.343750 -0.568064
2.346250 -0.565787
2.348750 -0.563513
2.351250 -0.561243
2.353750 -0.558976
2.356250 -0.556712
2.358750 -0.554452
2.361250 -0.552195
2.363750 -0.549942
2.366250 -0.547693
2.368750 -0.545447
2.371250 -0.543204
2.373750 -0.540965
2.376250 -0.538730
2.378750 -0.536499
2.381250 -0.534271
2.383750 -0.532047
2.386250 -0.529827
2.388750 -0.527611
2.391250 -0.525399
2.393750 -0.523190
2.396250 -0.520986
2.398750 -0.518785
2.401250 -0.516589
2.403750 -0.514396
2.406250 -0.512208
2.408750 -0.510024
2.411250 -0.507843
2.413750 -0.505667
2.416250 -0.503496
2.418750 -0.501328
2.421250 -0.499164
2.423750 -0.497005
2.426250 -0.494851
2.428750 -0.492700
2.431250 -0.490554
2.433750 -0.488412
2.436250 -0.486275
2.438750 -0.484142
2.441250 -0.482013
2.443750 -0.479889
2.446250 -0.477770
2.448750 -0.475655
2.451250 -0.473544
2.453750 -0.471439
2.456250 -0.469337
2.458750 -0.467241
2.461250 -0.465149
2.463750 -0.463062
2.466250 -0.460979
2.468750 -0.458901
2.471250 -0.456828
2.473750 -0.454760
2.476250 -0.452696
2.478750 -0.450638
2.481250 -0.448584
2.483750 -0.446535
2.486250 -0.444491
2.488750 -0.442452
2.491250 -0.440417
2.493750 -0.438388
2.496250 -0.436364
2.498750 -0.434344
2.501250 -0.432330
2.503750 -0.430320
2.506250 -0.428316
2.508750 -0.426317
2.511250 -0.424322
2.513750 -0.422333
2.516250 -0.420349
2.518750 -0.418370
2.521250 -0.416397
2.523750 -0.414428
2.526250 -0.412465
2.528750 -0.410507
2.531250 -0.408554
2.533750 -0.406606
2.536250 -0.404663
2.538750 -0.402726
2.541250 -0.400794
2.543750 -0.398867
2.546250 -0.396946
2.548750 -0.395030
2.551250 -0.393119
2.553750 -0.391214
2.556250 -0.389313
2.558750 -0.387419
2.561250 -0.385529
2.563750 -0.383645
2.566250 -0.381767
2.568750 -0.379894
2.571250 -0.378026
2.573750 -0.376164
2.576250 -0.374307
2.578750 -0.372456
2.581250 -0.370610
2.583750 -0.368770
2.586250 -0.366935
2.588750 -0.365106
2.591250 -0.363282
2.593750 -0.361463
2.596250 -0.359651
2.598750 -0.357843
2.601250 -0.356042
2.603750 -0.354246
2.606250 -0.352455
2.608750 -0.350670
2.611250 -0.348891
2.613750 -0.347117
2.616250 -0.345349
2.618750 -0.343587
2.621250 -0.341830
2.623750 -0.340078
2.626250 -0.338333
2.628750 -0.336593
2.631250 -0.334858
2.633750 -0.333130
2.636250 -0.331407
2.638750 -0.329689
2.641250 -0.327977
2.643750 -0.326271
2.646250 -0.324571
2.648750 -0.322876
2.651250 -0.321187
2.653750 -0.319504
2.656250 -0.317826
2.658750 -0.316154
2.661250 -0.314488
2.663750 -0.312828
2.666250 -0.311173
2.668750 -0.309524
2.671250 -0.307881
2.673750 -0.306243
2.676250 -0.304611
2.678750 -0.302985
2.681250 -0.301364
2.683750 -0.299750
2.686250 -0.298141
2.688750 -0.296537
2.691250 -0.294940
2.693750 -0.293348
2.696250 -0.291762
2.698750 -0.290181
2.701250 -0.288607
2.703750 -0.287038
2.706250 -0.285475
2.708750 -0.283917
2.711250 -0.282366
2.713750 -0.280820
2.716250 -0.279280
2.718750 -0.277745
2.721250 -0.276216
2.723750 -0.274693
2.726250 -0.273176
2.728750 -0.271665
2.731250 -0.270159
2.733750 -0.268659
2.736250 -0.267164
2.738750 -0.265676
2.741250 -0.264193
2.743750 -0.262716
2.746250 -0.261244
2.748750 -0.259778
2.751250 -0.258318
2.753750 -0.256864
2.756250 -0.255415
2.758750 -0.253972
2.761250 -0.252535
2.763750 -0.251104
2.766250 -0.249678
2.768750 -0.248257
2.771250 -0.246843
2.773750 -0.245434
2.776250 -0.244031
2.778750 -0.242633
2.781250 -0.241241
2.783750 -0.239855
2.786250 -0.238475
2.788750 -0.237100
2.791250 -0.235730
2.793750 -0.234367
2.796250 -0.233009
2.798750 -0.231656
2.801250 -0.230310
2.803750 -0.228968
2.806250 -0.227633
2.808750 -0.226303
2.811250 -0.224979
2.813750 -0.223660
2.816250 -0.222347
2.818750 -0.221039
2.821250 -0.219737
2.823750 -0.218440
2.826250 -0.217149
2.828750 -0.215864
2.831250 -0.214584
2.833750 -0.213309
2.836250 -0.212041
2.838750 -0.210777
2.841250 -0.209519
2.843750 -0.208267
2.846250 -0.207020
2.848750 -0.205779
2.851250 -0.204543
2.853750 -0.203312
2.856250 -0.202087
2.858750 -0.200868
2.861250 -0.199653
2.863750 -0.198445
2.866250 -0.197241
2.868750 -0.196043
2.871250 -0.194851
2.873750 -0.193664
2.876250 -0.192482
2.878750 -0.191306
2.881250 -0.190135
2.883750 -0.188969
2.886250 -0.187808
2.888750 -0.186653
2.891250 -0.185504
2.893750 -0.184359
2.896250 -0.183220
2.898750 -0.182086
2.901250 -0.180958
2.903750 -0.179834
2.906250 -0.178716
2.908750 -0.177604
2.911250 -0.176496
2.913750 -0.175394
2.916250 -0.174296
2.918750 -0.173204
2.921250 -0.172118
2.923750 -0.171036
2.926250 -0.169960
2.928750 -0.168888
2.931250 -0.167822
2.933750 -0.166761
2.936250 -0.165705
2.938750 -0.164654
2.941250 -0.163609
2.943750 -0.162568
2.946250 -0.161532
2.948750 -0.160502
2.951250 -0.159476
2.953750 -0.158456
2.956250 -0.157440
2.958750 -0.156430
2.961250 -0.155424
2.963750 -0.154424
2.966250 -0.153428
2.968750 -0.152438
2.971250 -0.151452
2.973750 -0.150472
2.976250 -0.149496
2.978750 -0.148525
2.981250 -0.147559
2.983750 -0.146598
2.986250 -0.145642
2.988750 -0.144690
2.991250 -0.143744
2.993750 -0.142802
2.996250 -0.141865
2.998750 -0.140933
3.001250 -0.140005
3.003750 -0.139083
3.006250 -0.138165
3.008750 -0.137252
3.011250 -0.136344
3.013750 -0.135440
3.016250 -0.134541
3.018750 -0.133647
3.021250 -0.132757
3.023750 -0.131872
3.026250 -0.130992
3.028750 -0.130116
3.031250 -0.129245
3.033750 -0.128379
3.036250 -0.127517
3.038750 -0.126659
3.041250 -0.125807
3.043750 -0.124958
3.046250 -0.124115
3.048750 -0.123276
3.051250 -0.122441
3.053750 -0.121611
3.056250 -0.120785
3.058750 -0.119964
3.061250 -0.119147
3.063750 -0.118335
3.066250 -0.117527
3.068750 -0.116723
3.071250 -0.115924
3.073750 -0.115129
3.076250 -0.114339
3.078750 -0.113553
3.081250 -0.112771
3.083750 -0.111993
3.086250 -0.111220
3.088750 -0.110451
3.091250 -0.109687
3.093750 -0.108926
3.096250 -0.108170
3.098750 -0.107418
3.101250 -0.106670
3.103750 -0.105927
3.106250 -0.105188
3.108750 -0.104452
3.111250 -0.103721
3.113750 -0.102994
3.116250 -0.102272
3.118750 -0.101553
3.121250 -0.100838
3.123750 -0.100128
3.126250 -0.099421
3.128750 -0.098719
3.131250 -0.098020
3.133750 -0.097326
3.136250 -0.096636
3.138750 -0.095949
3.141250 -0.095267
3.143750 -0.094588
3.146250 -0.093914
3.148750 -0.093243
3.151250 -0.092576
3.153750 -0.091913
3.156250 -0.091254
3.158750 -0.090599
3.161250 -0.089948
3.163750 -0.089300
3.166250 -0.088657
3.168750 -0.088017
3.171250 -0.087381
3.173750 -0.086748
3.176250 -0.086120
3.178750 -0.085495
3.181250 -0.084874
3.183750 -0.084256
3.186250 -0.083643
3.188750 -0.083033
3.191250 -0.082426
3.193750 -0.081824
3.196250 -0.081224
3.198750 -0.080629
3.201250 -0.080037
3.203750 -0.079449
3.206250 -0.078864
3.208750 -0.078283
3.211250 -0.077705
3.213750 -0.077131
3.216250 -0.076561
3.218750 -0.075993
3.221250 -0.075430
3.223750 -0.074870
3.226250 -0.074313
3.228750 -0.073760
3.231250 -0.073210
3.233750 -0.072663
3.236250 -0.072120
3.238750 -0.071581
3.241250 -0.071044
3.243750 -0.070511
3.246250 -0.069982
3.248750 -0.069455
3.251250 -0.068932
3.253750 -0.068412
3.256250 -0.067896
3.258750 -0.067383
3.261250 -0.066873
3.263750 -0.066366
3.266250 -0.065862
3.268750 -0.065362
3.271250 -0.064865
3.273750 -0.064371
3.276250 -0.063880
3.278750 -0.063392
3.281250 -0.062908
3.283750 -0.062426
3.286250 -0.061948
3.288750 -0.061472
3.291250 -0.061000
3.293750 -0.060531
3.296250 -0.060065
3.298750 -0.059602
3.301250 -0.059141
3.303750 -0.058684
3.306250 -0.058230
3.308750 -0.057779
3.311250 -0.057331
3.313750 -0.056885
3.316250 -0.056443
3.318750 -0.056003
3.321250 -0.055567
3.323750 -0.055133
3.326250 -0.054702
3.328750 -0.054274
3.331250 -0.053849
3.333750 -0.053426
3.336250 -0.053007
3.338750 -0.052590
3.341250 -0.052176
3.343750 -0.051765
3.346250 -0.051356
3.348750 -0.050950
3.351250 -0.050547
3.353750 -0.050147
3.356250 -0.049749
3.358750 -0.049354
3.361250 -0.048962
3.363750 -0.048573
3.366250 -0.048186
3.368750 -0.047801
3.371250 -0.047419
3.373750 -0.047040
3.376250 -0.046664
3.378750 -0.046290
3.381250 -0.045918
3.383750 -0.045549
3.386250 -0.045183
3.388750 -0.044819
3.391250 -0.044458
3.393750 -0.044099
3.396250 -0.043742
3.398750 -0.043388
3.401250 -0.043037
3.403750 -0.042688
3.406250 -0.042341
3.408750 -0.041997
3.411250 -0.041655
3.413750 -0.041316
3.416250 -0.040979
3.418750 -0.040644
3.421250 -0.040312
3.423750 -0.039982
3.426250 -0.039654
3.428750 -0.039329
3.431250 -0.039006
3.433750 -0.038685
3.436250 -0.038366
3.438750 -0.038050
3.441250 -0.037736
3.443750 -0.037424
3.446250 -0.037115
3.448750 -0.036807
3.451250 -0.036502
3.453750 -0.036199
3.456250 -0.035898
3.458750 -0.035600
3.461250 -0.035303
3.463750 -0.035009
3.466250 -0.034717
3.468750 -0.034427
3.471250 -0.034138
3.473750 -0.033852
3.476250 -0.033569
3.478750 -0.033287
3.481250 -0.033007
3.483750 -0.032729
3.486250 -0.032454
3.488750 -0.032180
3.491250 -0.031908
3.493750 -0.031638
3.496250 -0.031371
3.498750 -0.031105
3.501250 -0.030841
3.503750 -0.030579
3.506250 -0.030319
3.508750 -0.030061
3.511250 -0.029805
3.513750 -0.029551
3.516250 -0.029299
3.518750 -0.029048
3.521250 -0.028800
3.523750 -0.028553
3.526250 -0.028308
3.528750 -0.028065
3.531250 -0.027824
3.533750 -0.027584
3.536250 -0.027347
3.538750 -0.027111
3.541250 -0.026877
3.543750 -0.026644
3.546250 -0.026414
3.548750 -0.026185
3.551250 -0.025958
3.553750 -0.025733
3.556250 -0.025509
3.558750 -0.025287
3.561250 -0.025067
3.563750 -0.024848
3.566250 -0.024631
3.568750 -0.024416
3.571250 -0.024202
3.573750 -0.023990
3.576250 -0.023780
3.578750 -0.023571
3.581250 -0.023364
3.583750 -0.023159
3.586250 -0.022955
3.588750 -0.022752
3.591250 -0.022552
3.593750 -0.022352
3.596250 -0.022155
3.598750 -0.021958
3.601250 -0.021764
3.603750 -0.021571
3.606250 -0.021379
3.608750 -0.021189
3.611250 -0.021000
3.613750 -0.020813
3.616250 -0.020628
3.618750 -0.020443
3.621250 -0.020261
3.623750 -0.020079
3.626250 -0.019899
3.628750 -0.019721
3.631250 -0.019544
3.633750 -0.019368
3.636250 -0.019194
3.638750 -0.019021
3.641250 -0.018850
3.643750 -0.018679
3.646250 -0.018511
3.648750 -0.018343
3.651250 -0.018177
3.653750 -0.018012
3.656250 -0.017849
3.658750 -0.017687
3.661250 -0.017526
3.663750 -0.017366
3.666250 -0.017208
3.668750 -0.017051
3.671250 -0.016895
3.673750 -0.016741
3.676250 -0.016588
3.678750 -0.016436
3.681250 -0.016285
3.683750 -0.016136
3.686250 -0.015987
3.688750 -0.015840
3.691250 -0.015694
3.693750 -0.015550
3.696250 -0.015406
3.698750 -0.015264
3.701250 -0.015123
3.703750 -0.014983
3.706250 -0.014844
3.708750 -0.014706
3.711250 -0.014570
3.713750 -0.014434
3.716250 -0.014300
3.718750 -0.014167
3.721250 -0.014035
3.723750 -0.013904
3.726250 -0.013774
3.728750 -0.013645
3.731250 -0.013517
3.733750 -0.013391
3.736250 -0.013265
3.738750 -0.013140
3.741250 -0.013017
3.743750 -0.012894
3.746250 -0.012773
3.748750 -0.012652
3.751250 -0.012533
3.753750 -0.012415
3.756250 -0.012297
3.758750 -0.012181
3.761250 -0.012065
3.763750 -0.011951
3.766250 -0.011837
3.768750 -0.011725
3.771250 -0.011613
3.773750 -0.011503
3.776250 -0.011393
3.778750 -0.011284
3.781250 -0.011176
3.783750 -0.011069
3.786250 -0.010963
3.788750 -0.010858
3.791250 -0.010754
3.793750 -0.010651
3.796250 -0.010549
3.798750 -0.010447
3.801250 -0.010346
3.803750 -0.010247
3.806250 -0.010148
3.808750 -0.010050
3.811250 -0.009953
3.813750 -0.009856
3.816250 -0.009761
3.818750 -0.009666
3.821250 -0.009572
3.823750 -0.009479
3.826250 -0.009387
3.828750 -0.009296
3.831250 -0.009205
3.833750 -0.009115
3.836250 -0.009026
3.838750 -0.008938
3.841250 -0.008850
3.843750 -0.008764
3.846250 -0.008678
3.848750 -0.008593
3.851250 -0.008508
3.853750 -0.008424
3.856250 -0.008341
3.858750 -0.008259
3.861250 -0.008178
3.863750 -0.008097
3.866250 -0.008017
3.868750 -0.007938
3.871250 -0.007859
3.873750 -0.007781
3.876250 -0.007704
3.878750 -0.007627
3.881250 -0.007552
3.883750 -0.007476
3.886250 -0.007402
3.888750 -0.007328
3.891250 -0.007255
3.893750 -0.007183
3.896250 -0.007111
3.898750 -0.007040
3.901250 -0.006969
3.903750 -0.006899
3.906250 -0.006830
3.908750 -0.006761
3.911250 -0.006693
3.913750 -0.006626
3.916250 -0.006559
3.918750 -0.006493
3.921250 -0.006427
3.923750 -0.006362
3.926250 -0.006298
3.928750 -0.006234
3.931250 -0.006171
3.933750 -0.006108
3.936250 -0.006046
3.938750 -0.005985
3.941250 -0.005924
3.943750 -0.005864
3.946250 -0.005804
3.948750 -0.005745
3.951250 -0.005686
3.953750 -0.005628
3.956250 -0.005570
3.958750 -0.005513
3.961250 -0.005457
3.963750 -0.005401
3.966250 -0.005345
3.968750 -0.005290
3.971250 -0.005236
3.973750 -0.005182
3.976250 -0.005128
3.978750 -0.005076
3.981250 -0.005023
3.983750 -0.004971
3.986250 -0.004920
3.988750 -0.004869
3.991250 -0.004818
3.993750 -0.004768
3.996250 -0.004719
3.998750 -0.004670
4.001250 -0.004621
4.003750 -0.004573
4.006250 -0.004525
4.008750 -0.004478
4.011250 -0.004431
4.013750 -0.004385
4.016250 -0.004339
4.018750 -0.004293
4.021250 -0.004248
4.023750 -0.004204
4.026250 -0.004160
4.028750 -0.004116
4.031250 -0.004073
4.033750 -0.004030
4.036250 -0.003987
4.038750 -0.003945
4.041250 -0.003903
4.043750 -0.003862
4.046250 -0.003821
4.048750 -0.003781
4.051250 -0.003741
4.053750 -0.003701
4.056250 -0.003662
4.058750 -0.003623
4.061250 -0.003584
4.063750 -0.003546
4.066250 -0.003508
4.068750 -0.003471
4.071250 -0.003434
4.073750 -0.003397
4.076250 -0.003361
4.078750 -0.003325
4.081250 -0.003289
4.083750 -0.003254
4.086250 -0.003219
4.088750 -0.003184
4.091250 -0.003150
4.093750 -0.003116
4.096250 -0.003082
4.098750 -0.003049
4.101250 -0.003016
4.103750 -0.002983
4.106250 -0.002951
4.108750 -0.002919
4.111250 -0.002888
4.113750 -0.002856
4.116250 -0.002825
4.118750 -0.002794
4.121250 -0.002764
4.123750 -0.002734
4.126250 -0.002704
4.128750 -0.002675
4.131250 -0.002645
4.133750 -0.002617
4.136250 -0.002588
4.138750 -0.002560
4.141250 -0.002531
4.143750 -0.002504
4.146250 -0.002476
4.148750 -0.002449
4.151250 -0.002422
4.153750 -0.002395
4.156250 -0.002369
4.158750 -0.002343
4.161250 -0.002317
4.163750 -0.002291
4.166250 -0.002266
4.168750 -0.002241
4.171250 -0.002216
4.173750 -0.002192
4.176250 -0.002167
4.178750 -0.002143
4.181250 -0.002119
4.183750 -0.002096
4.186250 -0.002072
4.188750 -0.002049
4.191250 -0.002027
4.193750 -0.002004
4.196250 -0.001981
4.198750 -0.001959
4.201250 -0.001937
4.203750 -0.001916
4.206250 -0.001894
4.208750 -0.001873
4.211250 -0.001852
4.213750 -0.001831
4.216250 -0.001810
4.218750 -0.001790
4.221250 -0.001770
4.223750 -0.001750
4.226250 -0.001730
4.228750 -0.001711
4.231250 -0.001691
4.233750 -0.001672
4.236250 -0.001653
4.238750 -0.001634
4.241250 -0.001616
4.243750 -0.001597
4.246250 -0.001579
4.248750 -0.001561
4.251250 -0.001543
4.253750 -0.001526
4.256250 -0.001508
4.258750 -0.001491
4.261250 -0.001474
4.263750 -0.001457
4.266250 -0.001441
4.268750 -0.001424
4.271250 -0.001408
4.273750 -0.001392
4.276250 -0.001376
4.278750 -0.001360
4.281250 -0.001344
4.283750 -0.001329
4.286250 -0.001313
4.288750 -0.001298
4.291250 -0.001283
4.293750 -0.001268
4.296250 -0.001254
4.298750 -0.001239
4.301250 -0.001225
4.303750 -0.001210
4.306250 -0.001196
4.308750 -0.001183
4.311250 -0.001169
4.313750 -0.001155
4.316250 -0.001142
4.318750 -0.001128
4.321250 -0.001115
4.323750 -0.001102
4.326250 -0.001089
4.328750 -0.001077
4.331250 -0.001064
4.333750 -0.001051
4.336250 -0.001039
4.338750 -0.001027
4.341250 -0.001015
4.343750 -0.001003
4.346250 -0.000991
4.348750 -0.000979
4.351250 -0.000968
4.353750 -0.000956
4.356250 -0.000945
4.358750 -0.000934
4.361250 -0.000923
4.363750 -0.000912
4.366250 -0.000901
4.368750 -0.000890
4.371250 -0.000880
4.373750 -0.000869
4.376250 -0.000859
4.378750 -0.000849
4.381250 -0.000839
4.383750 -0.000829
4.386250 -0.000819
4.388750 -0.000809
4.391250 -0.000799
4.393750 -0.000790
4.396250 -0.000780
4.398750 -0.000771
4.401250 -0.000762
4.403750 -0.000753
4.406250 -0.000744
4.408750 -0.000735
4.411250 -0.000726
4.413750 -0.000717
4.416250 -0.000708
4.418750 -0.000700
4.421250 -0.000691
4.423750 -0.000683
4.426250 -0.000675
4.428750 -0.000667
4.431250 -0.000659
4.433750 -0.000651
4.436250 -0.000643
4.438750 -0.000635
4.441250 -0.000627
4.443750 -0.000619
4.446250 -0.000612
4.448750 -0.000604
4.451250 -0.000597
4.453750 -0.000590
4.456250 -0.000583
4.458750 -0.000575
4.461250 -0.000568
4.463750 -0.000561
4.466250 -0.000555
4.468750 -0.000548
4.471250 -0.000541
4.473750 -0.000534
4.476250 -0.000528
4.478750 -0.000521
4.481250 -0.000515
4.483750 -0.000509
4.486250 -0.000502
4.488750 -0.000496
4.491250 -0.000490
4.493750 -0.000484
4.496250 -0.000478
4.498750 -0.000472
4.501250 -0.000466
4.503750 -0.000460
4.506250 -0.000455
4.508750 -0.000449
4.511250 -0.000443
4.513750 -0.000438
4.516250 -0.000432
4.518750 -0.000427
4.521250 -0.000422
4.523750 -0.000416
4.526250 -0.000411
4.528750 -0.000406
4.531250 -0.000401
4.533750 -0.000396
4.536250 -0.000391
4.538750 -0.000386
4.541250 -0.000381
4.543750 -0.000376
4.546250 -0.000372
4.548750 -0.000367
4.551250 -0.000362
4.553750 -0.000358
4.556250 -0.000353
4.558750 -0.000349
4.561250 -0.000344
4.563750 -0.000340
4.566250 -0.000336
4.568750 -0.000332
4.571250 -0.000327
4.573750 -0.000323
4.576250 -0.000319
4.578750 -0.000315
4.581250 -0.000311
4.583750 -0.000307
4.586250 -0.000303
4.588750 -0.000299
4.591250 -0.000295
4.593750 -0.000292
4.596250 -0.000288
4.598750 -0.000284
4.601250 -0.000281
4.603750 -0.000277
4.606250 -0.000273
4.608750 -0.000270
4.611250 -0.000266
4.613750 -0.000263
4.616250 -0.000260
4.618750 -0.000256
4.621250 -0.000253
4.623750 -0.000250
4.626250 -0.000247
4.628750 -0.000243
4.631250 -0.000240
4.633750 -0.000237
4.636250 -0.000234
4.638750 -0.000231
4.641250 -0.000228
4.643750 -0.000225
4.646250 -0.000222
4.648750 -0.000219
4.651250 -0.000216
4.653750 -0.000214
4.656250 -0.000211
4.658750 -0.000208
4.661250 -0.000205
4.663750 -0.000203
4.666250 -0.000200
4.668750 -0.000197
4.671250 -0.000195
4.673750 -0.000192
4.676250 -0.000190
4.678750 -0.000187
4.681250 -0.000185
4.683750 -0.000182
4.686250 -0.000180
4.688750 -0.000178
4.691250 -0.000175
4.693750 -0.000173
4.696250 -0.000171
4.698750 -0.000168
4.701250 -0.000166
4.703750 -0.000164
4.706250 -0.000162
4.708750 -0.000160
4.711250 -0.000158
4.713750 -0.000155
4.716250 -0.000153
4.718750 -0.000151
4.721250 -0.000149
4.723750 -0.000147
4.726250 -0.000145
4.728750 -0.000143
4.731250 -0.000142
4.733750 -0.000140
4.736250 -0.000138
4.738750 -0.000136
4.741250 -0.000134
4.743750 -0.000132
4.746250 -0.000131
4.748750 -0.000129
4.751250 -0.000127
4.753750 -0.000125
4.756250 -0.000124
4.758750 -0.000122
4.761250 -0.000120
4.763750 -0.000119
4.766250 -0.000117
4.768750 -0.000116
4.771250 -0.000114
4.773750 -0.000112
4.776250 -0.000111
4.778750 -0.000109
4.781250 -0.000108
4.783750 -0.000106
4.786250 -0.000105
4.788750 -0.000104
4.791250 -0.000102
4.793750 -0.000101
4.796250 -0.000099
4.798750 -0.000098
4.801250 -0.000097
4.803750 -0.000095
4.806250 -0.000094
4.808750 -0.000093
4.811250 -0.000092
4.813750 -0.000090
4.816250 -0.000089
4.818750 -0.000088
4.821250 -0.000087
4.823750 -0.000085
4.826250 -0.000084
4.828750 -0.000083
4.831250 -0.000082
4.833750 -0.000081
4.836250 -0.000080
4.838750 -0.000079
4.841250 -0.000078
4.843750 -0.000077
4.846250 -0.000075
4.848750 -0.000074
4.851250 -0.000073
4.853750 -0.000072
4.856250 -0.000071
4.858750 -0.000070
4.861250 -0.000069
4.863750 -0.000068
4.866250 -0.000068
4.868750 -0.000067
4.871250 -0.000066
4.873750 -0.000065
4.876250 -0.000064
4.878750 -0.000063
4.881250 -0.000062
4.883750 -0.000061
4.886250 -0.000060
4.888750 -0.000060
4.891250 -0.000059
4.893750 -0.000058
4.896250 -0.000057
4.898750 -0.000056
4.901250 -0.000055
4.903750 -0.000055
4.906250 -0.000054
4.908750 -0.000053
4.911250 -0.000052
4.913750 -0.000052
4.916250 -0.000051
4.918750 -0.000050
4.921250 -0.000050
4.923750 -0.000049
4.926250 -0.000048
4.928750 -0.000047
4.931250 -0.000047
4.933750 -0.000046
4.936250 -0.000045
4.938750 -0.000045
4.941250 -0.000044
4.943750 -0.000044
4.946250 -0.000043
4.948750 -0.000042
4.951250 -0.000042
4.953750 -0.000041
4.956250 -0.000041
4.958750 -0.000040
4.961250 -0.000039
4.963750 -0.000039
4.966250 -0.000038
4.968750 -0.000038
4.971250 -0.000037
4.973750 -0.000037
4.976250 -0.000036
4.978750 -0.000036
4.981250 -0.000035
4.983750 -0.000035
4.986250 -0.000034
4.988750 -0.000034
4.991250 -0.000033
4.993750 -0.000033
4.996250 -0.000032
4.998750 -0.000032
5.001250 -0.000031
5.003750 -0.000031
5.006250 -0.000030
5.008750 -0.000030
5.011250 -0.000030
5.013750 -0.000029
5.016250 -0.000029
5.018750 -0.000028
5.021250 -0.000028
5.023750 -0.000028
5.026250 -0.000027
5.028750 -0.000027
5.031250 -0.000026
5.033750 -0.000026
5.036250 -0.000026
5.038750 -0.000025
5.041250 -0.000025
5.043750 -0.000025
5.046250 -0.000024
5.048750 -0.000024
5.051250 -0.000024
5.053750 -0.000023
5.056250 -0.000023
5.058750 -0.000023
5.061250 -0.000022
5.063750 -0.000022
5.066250 -0.000022
5.068750 -0.000021
5.071250 -0.000021
5.073750 -0.000021
5.076250 -0.000020
5.078750 -0.000020
5.081250 -0.000020
5.083750 -0.000019
5.086250 -0.000019
5.088750 -0.000019
5.091250 -0.000019
5.093750 -0.000018
5.096250 -0.000018
5.098750 -0.000018
5.101250 -0.000018
5.103750 -0.000017
5.106250 -0.000017
5.108750 -0.000017
5.111250 -0.000017
5.113750 -0.000016
5.116250 -0.000016
5.118750 -0.000016
5.121250 -0.000016
5.123750 -0.000015
5.126250 -0.000015
5.128750 -0.000015
5.131250 -0.000015
5.133750 -0.000015
5.136250 -0.000014
5.138750 -0.000014
5.141250 -0.000014
5.143750 -0.000014
5.146250 -0.000014
5.148750 -0.000013
5.151250 -0.000013
5.153750 -0.000013
5.156250 -0.000013
5.158750 -0.000013
5.161250 -0.000013
5.163750 -0.000012
5.166250 -0.000012
5.168750 -0.000012
5.171250 -0.000012
5.173750 -0.000012
5.176250 -0.000012
5.178750 -0.000011
5.181250 -0.000011
5.183750 -0.000011
5.186250 -0.000011
5.188750 -0.000011
5.191250 -0.000011
5.193750 -0.000010
5.196250 -0.000010
5.198750 -0.000010
5.201250 -0.000010
5.203750 -0.000010
5.206250 -0.000010
5.208750 -0.000010
5.211250 -0.000010
5.213750 -0.000009
5.216250 -0.000009
5.218750 -0.000009
5.221250 -0.000009
5.223750 -0.000009
5.226250 -0.000009
5.228750 -0.000009
5.231250 -0.000009
5.233750 -0.000009
5.236250 -0.000008
5.238750 -0.000008
5.241250 -0.000008
5.243750 -0.000008
5.246250 -0.000008
5.248750 -0.000008
5.251250 -0.000008
5.253750 -0.000008
5.256250 -0.000008
5.258750 -0.000008
5.261250 -0.000007
5.263750 -0.000007
5.266250 -0.000007
5.268750 -0.000007
5.271250 -0.000007
5.273750 -0.000007
5.276250 -0.000007
5.278750 -0.000007
5.281250 -0.000007
5.283750 -0.000007
5.286250 -0.000007
5.288750 -0.000007
5.291250 -0.000007
5.293750 -0.000006
5.296250 -0.000006
5.298750 -0.000006
5.301250 -0.000006
5.303750 -0.000006
5.306250 -0.000006
5.308750 -0.000006
5.311250 -0.000006
5.313750 -0.000006
5.316250 -0.000006
5.318750 -0.000006
5.321250 -0.000006
5.323750 -0.000006
5.326250 -0.000006
5.328750 -0.000006
5.331250 -0.000006
5.333750 -0.000006
5.336250 -0.000006
5.338750 -0.000006
5.341250 -0.000006
5.343750 -0.000005
5.346250 -0.000005
5.348750 -0.000005
5.351250 -0.000005
5.353750 -0.000005
5.356250 -0.000005
5.358750 -0.000005
5.361250 -0.000005
5.363750 -0.000005
5.366250 -0.000005
5.368750 -0.000005
5.371250 -0.000005
5.373750 -0.000005
5.376250 -0.000005
5.378750 -0.000005
5.381250 -0.000005
5.383750 -0.000005
5.386250 -0.000005
5.388750 -0.000005
5.391250 -0.000005
5.393750 -0.000005
5.396250 -0.000005
5.398750 -0.000005
5.401250 -0.000005
5.403750 -0.000005
5.406250 -0.000005
5.408750 -0.000005
5.411250 -0.000005
5.413750 -0.000005
5.416250 -0.000005
5.418750 -0.000005
5.421250 -0.000005
5.423750 -0.000005
5.426250 -0.000005
5.428750 -0.000005
5.431250 -0.000005
5.433750 -0.000005
5.436250 -0.000005
5.438750 -0.000005
5.441250 -0.000005
5.443750 -0.000005
5.446250 -0.000005
5.448750 -0.000005
5.451250 -0.000005
5.453750 -0.000005
5.456250 -0.000005
5.458750 -0.000005
5.461250 -0.000005
5.463750 -0.000005
5.466250 -0.000005
5.468750 -0.000005
5.471250 -0.000005
5.473750 -0.000005
5.476250 -0.000005
5.478750 -0.000005
5.481250 -0.000005
5.483750 -0.000006
5.486250 -0.000006
5.488750 -0.000006
5.491250 -0.000006
5.493750 -0.000006
5.496250 -0.000006
5.498750 -0.000006
5.501250 -0.000006
5.503750 -0.000006
5.506250 -0.000006
5.508750 -0.000006
5.511250 -0.000006
5.513750 -0.000006
5.516250 -0.000006
5.518750 -0.000006
5.521250 -0.000006
5.523750 -0.000006
5.526250 -0.000006
5.528750 -0.000006
5.531250 -0.000007
5.533750 -0.000007
5.536250 -0.000007
5.538750 -0.000007
5.541250 -0.000007
5.543750 -0.000007
5.546250 -0.000007
5.548750 -0.000007
5.551250 -0.000007
5.553750 -0.000007
5.556250 -0.000007
5.558750 -0.000007
5.561250 -0.000008
5.563750 -0.000008
5.566250 -0.000008
5.568750 -0.000008
5.571250 -0.000008
5.573750 -0.000008
5.576250 -0.000008
5.578750 -0.000008
5.581250 -0.000008
5.583750 -0.000008
5.586250 -0.000009
5.588750 -0.000009
5.591250 -0.000009
5.593750 -0.000009
5.596250 -0.000009
5.598750 -0.000009
5.601250 -0.000009
5.603750 -0.000009
5.606250 -0.000010
5.608750 -0.000010
5.611250 -0.000010
5.613750 -0.000010
5.616250 -0.000010
5.618750 -0.000010
5.621250 -0.000010
5.623750 -0.000011
5.626250 -0.000011
5.628750 -0.000011
5.631250 -0.000011
5.633750 -0.000011
5.636250 -0.000011
5.638750 -0.000012
5.641250 -0.000012
5.643750 -0.000012
5.646250 -0.000012
5.648750 -0.000012
5.651250 -0.000013
5.653750 -0.000013
5.656250 -0.000013
5.658750 -0.000013
5.661250 -0.000013
5.663750 -0.000014
5.666250 -0.000014
5.668750 -0.000014
5.671250 -0.000014
5.673750 -0.000014
5.676250 -0.000015
5.678750 -0.000015
5.681250 -0.000015
5.683750 -0.000015
5.686250 -0.000016
5.688750 -0.000016
5.691250 -0.000016
5.693750 -0.000016
5.696250 -0.000017
5.698750 -0.000017
5.701250 -0.000017
5.703750 -0.000018
5.706250 -0.000018
5.708750 -0.000018
5.711250 -0.000018
5.713750 -0.000019
5.716250 -0.000019
5.718750 -0.000019
5.721250 -0.000020
5.723750 -0.000020
5.726250 -0.000020
5.728750 -0.000021
5.731250 -0.000021
5.733750 -0.000021
5.736250 -0.000022
5.738750 -0.000022
5.741250 -0.000023
5.743750 -0.000023
5.746250 -0.000023
5.748750 -0.000024
5.751250 -0.000024
5.753750 -0.000025
5.756250 -0.000025
5.758750 -0.000025
5.761250 -0.000026
5.763750 -0.000026
5.766250 -0.000027
5.768750 -0.000027
5.771250 -0.000028
5.773750 -0.000028
5.776250 -0.000029
5.778750 -0.000029
5.781250 -0.000030
5.783750 -0.000030
5.786250 -0.000031
5.788750 -0.000031
5.791250 -0.000032
5.793750 -0.000032
5.796250 -0.000033
5.798750 -0.000033
5.801250 -0.000034
5.803750 -0.000035
5.806250 -0.000035
5.808750 -0.000036
5.811250 -0.000036
5.813750 -0.000037
5.816250 -0.000038
5.818750 -0.000038
5.821250 -0.000039
5.823750 -0.000040
5.826250 -0.000040
5.828750 -0.000041
5.831250 -0.000042
5.833750 -0.000043
5.836250 -0.000043
5.838750 -0.000044
5.841250 -0.000045
5.843750 -0.000046
5.846250 -0.000047
5.848750 -0.000047
5.851250 -0.000048
5.853750 -0.000049
5.856250 -0.000050
5.858750 -0.000051
5.861250 -0.000052
5.863750 -0.000053
5.866250 -0.000054
5.868750 -0.000055
5.871250 -0.000056
5.873750 -0.000057
5.876250 -0.000058
5.878750 -0.000059
5.881250 -0.000060
5.883750 -0.000061
5.886250 -0.000062
5.888750 -0.000063
5.891250 -0.000064
5.893750 -0.000065
5.896250 -0.000067
5.898750 -0.000068
5.901250 -0.000069
5.903750 -0.000070
5.906250 -0.000071
5.908750 -0.000073
5.911250 -0.000074
5.913750 -0.000075
5.916250 -0.000077
5.918750 -0.000078
5.921250 -0.000080
5.923750 -0.000081
5.926250 -0.000083
5.928750 -0.000084
5.931250 -0.000086
5.933750 -0.000087
5.936250 -0.000089
5.938750 -0.000090
5.941250 -0.000092
5.943750 -0.000094
5.946250 -0.000096
5.948750 -0.000097
5.951250 -0.000099
5.953750 -0.000101
5.956250 -0.000103
5.958750 -0.000105
5.961250 -0.000107
5.963750 -0.000109
5.966250 -0.000111
5.968750 -0.000113
5.971250 -0.000115
5.973750 -0.000117
5.976250 -0.000119
5.978750 -0.000121
5.981250 -0.000123
5.983750 -0.000126
5.986250 -0.000128
5.988750 -0.000130
5.991250 -0.000133
5.993750 -0.000135
5.996250 -0.000138
5.998750 -0.000140
6.001250 -0.000143
6.003750 -0.000146
6.006250 -0.000148
6.008750 -0.000151
6.011250 -0.000154
6.013750 -0.000157
6.016250 -0.000160
6.018750 -0.000163
6.021250 -0.000166
6.023750 -0.000169
6.026250 -0.000172
6.028750 -0.000175
6.031250 -0.000179
6.033750 -0.000182
6.036250 -0.000186
6.038750 -0.000189
6.041250 -0.000193
6.043750 -0.000196
6.046250 -0.000200
6.048750 -0.000204
6.051250 -0.000208
6.053750 -0.000212
6.056250 -0.000216
6.058750 -0.000220
6.061250 -0.000224
6.063750 -0.000228
6.066250 -0.000232
6.068750 -0.000237
6.071250 -0.000241
6.073750 -0.000246
6.076250 -0.000251
6.078750 -0.000255
6.081250 -0.000260
6.083750 -0.000265
6.086250 -0.000270
6.088750 -0.000275
6.091250 -0.000281
6.093750 -0.000286
6.096250 -0.000292
6.098750 -0.000297
6.101250 -0.000303
6.103750 -0.000309
6.106250 -0.000315
6.108750 -0.000321
6.111250 -0.000327
6.113750 -0.000333
6.116250 -0.000340
6.118750 -0.000346
6.121250 -0.000353
6.123750 -0.000360
6.126250 -0.000366
6.128750 -0.000374
6.131250 -0.000381
6.133750 -0.000388
6.136250 -0.000396
6.138750 -0.000403
6.141250 -0.000411
6.143750 -0.000419
6.146250 -0.000427
6.148750 -0.000436
6.151250 -0.000444
6.153750 -0.000453
6.156250 -0.000461
6.158750 -0.000470
6.161250 -0.000480
6.163750 -0.000489
6.166250 -0.000498
6.168750 -0.000508
6.171250 -0.000518
6.173750 -0.000528
6.176250 -0.000539
6.178750 -0.000549
6.181250 -0.000560
6.183750 -0.000571
6.186250 -0.000582
6.188750 -0.000593
6.191250 -0.000605
6.193750 -0.000617
6.196250 -0.000629
6.198750 -0.000641
6.201250 -0.000654
6.203750 -0.000667
6.206250 -0.000680
6.208750 -0.000694
6.211250 -0.000707
6.213750 -0.000721
6.216250 -0.000735
6.218750 -0.000750
6.221250 -0.000765
6.223750 -0.000780
6.226250 -0.000795
6.228750 -0.000811
6.231250 -0.000827
6.233750 -0.000844
6.236250 -0.000860
6.238750 -0.000878
6.241250 -0.000895
6.243750 -0.000913
6.246250 -0.000931
6.248750 -0.000950
6.251250 -0.000969
6.253750 -0.000988
6.256250 -0.001008
6.258750 -0.001028
6.261250 -0.001048
6.263750 -0.001069
6.266250 -0.001091
6.268750 -0.001112
6.271250 -0.001135
6.273750 -0.001158
6.276250 -0.001181
6.278750 -0.001204
6.281250 -0.001229
6.283750 -0.001253
6.286250 -0.001279
6.288750 -0.001304
6.291250 -0.001331
6.293750 -0.001357
6.296250 -0.001385
6.298750 -0.001413
6.301250 -0.001441
6.303750 -0.001470
6.306250 -0.001500
6.308750 -0.001531
6.311250 -0.001562
6.313750 -0.001593
6.316250 -0.001626
6.318750 -0.001659
6.321250 -0.001692
6.323750 -0.001727
6.326250 -0.001762
6.328750 -0.001798
6.331250 -0.001834
6.333750 -0.001871
6.336250 -0.001910
6.338750 -0.001949
6.341250 -0.001988
6.343750 -0.002029
6.346250 -0.002070
6.348750 -0.002113
6.351250 -0.002156
6.353750 -0.002200
6.356250 -0.002245
6.358750 -0.002291
6.361250 -0.002338
6.363750 -0.002386
6.366250 -0.002435
6.368750 -0.002485
6.371250 -0.002536
6.373750 -0.002588
6.376250 -0.002642
6.378750 -0.002696
6.381250 -0.002752
6.383750 -0.002808
6.386250 -0.002866
6.388750 -0.002926
6.391250 -0.002986
6.393750 -0.003048
6.396250 -0.003111
6.398750 -0.003175
6.401250 -0.003241
6.403750 -0.003308
6.406250 -0.003377
6.408750 -0.003447
6.411250 -0.003519
6.413750 -0.003592
6.416250 -0.003667
6.418750 -0.003743
6.421250 -0.003821
6.423750 -0.003900
6.426250 -0.003982
6.428750 -0.004065
6.431250 -0.004150
6.433750 -0.004236
6.436250 -0.004325
6.438750 -0.004415
6.441250 -0.004508
6.443750 -0.004602
6.446250 -0.004699
6.448750 -0.004797
6.451250 -0.004898
6.453750 -0.005001
6.456250 -0.005106
6.458750 -0.005213
6.461250 -0.005323
6.463750 -0.005435
6.466250 -0.005549
6.468750 -0.005666
6.471250 -0.005785
6.473750 -0.005907
6.476250 -0.006032
6.478750 -0.006160
6.481250 -0.006290
6.483750 -0.006423
6.486250 -0.006559
6.488750 -0.006698
6.491250 -0.006840
6.493750 -0.006985
6.496250 -0.007133
6.498750 -0.007284
6.501250 -0.007439
6.503750 -0.007597
6.506250 -0.007759
6.508750 -0.007924
6.511250 -0.008093
6.513750 -0.008265
6.516250 -0.008441
6.518750 -0.008621
6.521250 -0.008805
6.523750 -0.008994
6.526250 -0.009186
6.528750 -0.009382
6.531250 -0.009583
6.533750 -0.009788
6.536250 -0.009998
6.538750 -0.010212
6.541250 -0.010432
6.543750 -0.010655
6.546250 -0.010884
6.548750 -0.011118
6.551250 -0.011357
6.553750 -0.011602
6.556250 -0.011852
6.558750 -0.012107
6.561250 -0.012368
6.563750 -0.012635
6.566250 -0.012908
6.568750 -0.013187
6.571250 -0.013472
6.573750 -0.013763
6.576250 -0.014061
6.578750 -0.014365
6.581250 -0.014677
6.583750 -0.014995
6.586250 -0.015320
6.588750 -0.015653
6.591250 -0.015993
6.593750 -0.016340
6.596250 -0.016696
6.598750 -0.017059
6.601250 -0.017430
6.603750 -0.017810
6.606250 -0.018198
6.608750 -0.018595
6.611250 -0.019001
6.613750 -0.019416
6.616250 -0.019841
6.618750 -0.020275
6.621250 -0.020718
6.623750 -0.021172
6.626250 -0.021636
6.628750 -0.022110
6.631250 -0.022595
6.633750 -0.023091
6.636250 -0.023598
6.638750 -0.024116
6.641250 -0.024647
6.643750 -0.025189
6.646250 -0.025743
6.648750 -0.026311
6.651250 -0.026890
6.653750 -0.027484
6.656250 -0.028090
6.658750 -0.028710
6.661250 -0.029345
6.663750 -0.029993
6.666250 -0.030657
6.668750 -0.031336
6.671250 -0.032030
6.673750 -0.032740
6.676250 -0.033466
6.678750 -0.034208
6.681250 -0.034968
6.683750 -0.035745
6.686250 -0.036539
6.688750 -0.037352
6.691250 -0.038183
6.693750 -0.039034
6.696250 -0.039903
6.698750 -0.040793
6.701250 -0.041703
6.703750 -0.042634
6.706250 -0.043587
6.708750 -0.044561
6.711250 -0.045557
6.713750 -0.046577
6.716250 -0.047620
6.718750 -0.048687
6.721250 -0.049778
6.723750 -0.050895
6.726250 -0.052037
6.728750 -0.053206
6.731250 -0.054401
6.733750 -0.055625
6.736250 -0.056876
6.738750 -0.058157
6.741250 -0.059467
6.743750 -0.060807
6.746250 -0.062179
6.748750 -0.063582
6.751250 -0.065018
6.753750 -0.066487
6.756250 -0.067990
6.758750 -0.069528
6.761250 -0.071102
6.763750 -0.072712
6.766250 -0.074360
6.768750 -0.076046
6.771250 -0.077771
6.773750 -0.079537
6.776250 -0.081344
6.778750 -0.083193
6.781250 -0.085085
6.783750 -0.087021
6.786250 -0.089003
6.788750 -0.091031
6.791250 -0.093106
6.793750 -0.095230
6.796250 -0.097404
6.798750 -0.099628
6.801250 -0.101905
6.803750 -0.104235
6.806250 -0.106620
6.808750 -0.109061
6.811250 -0.111559
6.813750 -0.114116
6.816250 -0.116734
6.818750 -0.119413
6.821250 -0.122154
6.823750 -0.124961
6.826250 -0.127834
6.828750 -0.130774
6.831250 -0.133784
6.833750 -0.136865
6.836250 -0.140019
6.838750 -0.143248
6.841250 -0.146553
6.843750 -0.149936
6.846250 -0.153399
6.848750 -0.156945
6.851250 -0.160574
6.853750 -0.164290
6.856250 -0.168094
6.858750 -0.171988
6.861250 -0.175975
6.863750 -0.180056
6.866250 -0.184235
6.868750 -0.188513
6.871250 -0.192894
6.873750 -0.197378
6.876250 -0.201970
6.878750 -0.206671
6.881250 -0.211485
6.883750 -0.216413
6.886250 -0.221460
6.888750 -0.226627
6.891250 -0.231918
6.893750 -0.237335
6.896250 -0.242882
6.898750 -0.248563
6.901250 -0.254379
6.903750 -0.260336
6.906250 -0.266435
6.908750 -0.272681
6.911250 -0.279077
6.913750 -0.285626
6.916250 -0.292334
6.918750 -0.299203
6.921250 -0.306238
6.923750 -0.313442
6.926250 -0.320820
6.928750 -0.328376
6.931250 -0.336115
6.933750 -0.344040
6.936250 -0.352158
6.938750 -0.360471
6.941250 -0.368986
6.943750 -0.377708
6.946250 -0.386640
6.948750 -0.395789
6.951250 -0.405161
6.953750 -0.414759
6.956250 -0.424591
6.958750 -0.434662
6.961250 -0.444977
6.963750 -0.455544
6.966250 -0.466368
6.968750 -0.477455
6.971250 -0.488813
6.973750 -0.500448
6.976250 -0.512366
6.978750 -0.524576
6.981250 -0.537084
6.983750 -0.549897
6.986250 -0.563024
6.988750 -0.576472
6.991250 -0.590249
6.993750 -0.604364
6.996250 -0.618825
6.998750 -0.633640
7.001250 -0.648819
7.003750 -0.664370
7.006250 -0.680304
7.008750 -0.696629
7.011250 -0.713355
7.013750 -0.730493
7.016250 -0.748053
7.018750 -0.766046
7.021250 -0.784482
7.023750 -0.803373
7.026250 -0.822729
7.028750 -0.842564
7.031250 -0.862889
7.033750 -0.883716
7.036250 -0.905058
7.038750 -0.926928
7.041250 -0.949339
7.043750 -0.972306
7.046250 -0.995842
7.048750 -1.019961
7.051250 -1.044679
7.053750 -1.070011
7.056250 -1.095972
7.058750 -1.122578
7.061250 -1.149846
7.063750 -1.177792
7.066250 -1.206434
7.068750 -1.235789
7.071250 -1.265876
7.073750 -1.296713
7.076250 -1.328320
7.078750 -1.360716
7.081250 -1.393921
7.083750 -1.427956
7.086250 -1.462841
7.088750 -1.498600
