0.002500 -0.003750
0.005000 -0.007500
0.007500 -0.011249
0.010000 -0.014998
0.012500 -0.018747
0.015000 -0.022494
0.017500 -0.026240
0.020000 -0.029986
0.022500 -0.033729
0.025000 -0.037472
0.027500 -0.041212
0.030000 -0.044951
0.032500 -0.048687
0.035000 -0.052422
0.037500 -0.056154
0.040000 -0.059883
0.042500 -0.063610
0.045000 -0.067333
0.047500 -0.071054
0.050000 -0.074771
0.052500 -0.078485
0.055000 -0.082196
0.057500 -0.085902
0.060000 -0.089605
0.062500 -0.093303
0.065000 -0.096998
0.067500 -0.100687
0.070000 -0.104372
0.072500 -0.108053
0.075000 -0.111728
0.077500 -0.115399
0.080000 -0.119064
0.082500 -0.122723
0.085000 -0.126377
0.087500 -0.130025
0.090000 -0.133667
0.092500 -0.137303
0.095000 -0.140933
0.097500 -0.144556
0.100000 -0.148173
0.102500 -0.151783
0.105000 -0.155386
0.107500 -0.158982
0.110000 -0.162570
0.112500 -0.166151
0.115000 -0.169725
0.117500 -0.173290
0.120000 -0.176848
0.122500 -0.180398
0.125000 -0.183939
0.127500 -0.187472
0.130000 -0.190996
0.132500 -0.194512
0.135000 -0.198019
0.137500 -0.201516
0.140000 -0.205005
0.142500 -0.208484
0.145000 -0.211953
0.147500 -0.215413
0.150000 -0.218863
0.152500 -0.222303
0.155000 -0.225733
0.157500 -0.229152
0.160000 -0.232561
0.162500 -0.235960
0.165000 -0.239347
0.167500 -0.242724
0.170000 -0.246089
0.172500 -0.249444
0.175000 -0.252787
0.177500 -0.256118
0.180000 -0.259438
0.182500 -0.262745
0.185000 -0.266041
0.187500 -0.269325
0.190000 -0.272596
0.192500 -0.275855
0.195000 -0.279101
0.197500 -0.282335
0.200000 -0.285555
0.202500 -0.288763
0.205000 -0.291957
0.207500 -0.295138
0.210000 -0.298306
0.212500 -0.301460
0.215000 -0.304600
0.217500 -0.307727
0.220000 -0.310839
0.222500 -0.313937
0.225000 -0.317021
0.227500 -0.320091
0.230000 -0.323145
0.232500 -0.326186
0.235000 -0.329211
0.237500 -0.332221
0.240000 -0.335216
0.242500 -0.338196
0.245000 -0.341161
0.247500 -0.344110
0.250000 -0.347043
0.252500 -0.349961
0.255000 -0.352862
0.257500 -0.355748
0.260000 -0.358617
0.262500 -0.361470
0.265000 -0.364307
0.267500 -0.367127
0.270000 -0.369930
0.272500 -0.372717
0.275000 -0.375487
0.277500 -0.378239
0.280000 -0.380975
0.282500 -0.383693
0.285000 -0.386393
0.287500 -0.389077
0.290000 -0.391742
0.292500 -0.394390
0.295000 -0.397020
0.297500 -0.399632
0.300000 -0.402225
0.302500 -0.404801
0.305000 -0.407358
0.307500 -0.409897
0.310000 -0.412417
0.312500 -0.414919
0.315000 -0.417401
0.317500 -0.419865
0.320000 -0.422310
0.322500 -0.424736
0.325000 -0.427142
0.327500 -0.429529
0.330000 -0.431897
0.332500 -0.434245
0.335000 -0.436574
0.337500 -0.438883
0.340000 -0.441172
0.342500 -0.443441
0.345000 -0.445690
0.347500 -0.447919
0.350000 -0.450128
0.352500 -0.452316
0.355000 -0.454484
0.357500 -0.456632
0.360000 -0.458759
0.362500 -0.460865
0.365000 -0.462950
0.367500 -0.465015
0.370000 -0.467059
0.372500 -0.469082
0.375000 -0.471083
0.377500 -0.473063
0.380000 -0.475022
0.382500 -0.476960
0.385000 -0.478876
0.387500 -0.480771
0.390000 -0.482644
0.392500 -0.484496
0.395000 -0.486325
0.397500 -0.488133
0.400000 -0.489919
0.402500 -0.491683
0.405000 -0.493425
0.407500 -0.495145
0.410000 -0.496842
0.412500 -0.498517
0.415000 -0.500170
0.417500 -0.501801
0.420000 -0.503409
0.422500 -0.504994
0.425000 -0.506557
0.427500 -0.508097
0.430000 -0.509615
0.432500 -0.511109
0.435000 -0.512581
0.437500 -0.514030
0.440000 -0.515456
0.442500 -0.516859
0.445000 -0.518239
0.447500 -0.519595
0.450000 -0.520929
0.452500 -0.522239
0.455000 -0.523526
0.457500 -0.524789
0.460000 -0.526030
0.462500 -0.527246
0.465000 -0.528440
0.467500 -0.529609
0.470000 -0.530756
0.472500 -0.531878
0.475000 -0.532977
0.477500 -0.534052
0.480000 -0.535104
0.482500 -0.536131
0.485000 -0.537135
0.487500 -0.538115
0.490000 -0.539071
0.492500 -0.540003
0.495000 -0.540912
0.497500 -0.541796
0.500000 -0.542656
0.502500 -0.543492
0.505000 -0.544304
0.507500 -0.545092
0.510000 -0.545856
0.512500 -0.546596
0.515000 -0.547311
0.517500 -0.548003
0.520000 -0.548670
0.522500 -0.549312
0.525000 -0.549931
0.527500 -0.550525
0.530000 -0.551095
0.532500 -0.551641
0.535000 -0.552162
0.537500 -0.552659
0.540000 -0.553132
0.542500 -0.553580
0.545000 -0.554004
0.547500 -0.554404
0.550000 -0.554779
0.552500 -0.555129
0.555000 -0.555456
0.557500 -0.555757
0.560000 -0.556035
0.562500 -0.556288
0.565000 -0.556517
0.567500 -0.556721
0.570000 -0.556901
0.572500 -0.557056
0.575000 -0.557187
0.577500 -0.557293
0.580000 -0.557376
0.582500 -0.557433
0.585000 -0.557467
0.587500 -0.557476
0.590000 -0.557460
0.592500 -0.557420
0.595000 -0.557356
0.597500 -0.557268
0.600000 -0.557155
0.602500 -0.557018
0.605000 -0.556857
0.607500 -0.556671
0.610000 -0.556461
0.612500 -0.556227
0.615000 -0.555969
0.617500 -0.555686
0.620000 -0.555380
0.622500 -0.555049
0.625000 -0.554694
0.627500 -0.554315
0.630000 -0.553912
0.632500 -0.553485
0.635000 -0.553034
0.637500 -0.552558
0.640000 -0.552059
0.642500 -0.551536
0.645000 -0.550990
0.647500 -0.550419
0.650000 -0.549825
0.652500 -0.549206
0.655000 -0.548564
0.657500 -0.547899
0.660000 -0.547209
0.662500 -0.546497
0.665000 -0.545760
0.667500 -0.545000
0.670000 -0.544217
0.672500 -0.543410
0.675000 -0.542579
0.677500 -0.541726
0.680000 -0.540849
0.682500 -0.539949
0.685000 -0.539025
0.687500 -0.538079
0.690000 -0.537109
0.692500 -0.536117
0.695000 -0.535101
0.697500 -0.534063
0.700000 -0.533001
0.702500 -0.531917
0.705000 -0.530810
0.707500 -0.529681
0.710000 -0.528528
0.712500 -0.527353
0.715000 -0.526156
0.717500 -0.524936
0.720000 -0.523694
0.722500 -0.522430
0.725000 -0.521143
0.727500 -0.519834
0.730000 -0.518503
0.732500 -0.517150
0.735000 -0.515775
0.737500 -0.514378
0.740000 -0.512959
0.742500 -0.511518
0.745000 -0.510056
0.747500 -0.508572
0.750000 -0.507067
0.752500 -0.505540
0.755000 -0.503992
0.757500 -0.502422
0.760000 -0.500831
0.762500 -0.499219
0.765000 -0.497586
0.767500 -0.495932
0.770000 -0.494257
0.772500 -0.492561
0.775000 -0.490845
0.777500 -0.489108
0.780000 -0.487350
0.782500 -0.485572
0.785000 -0.483773
0.787500 -0.481954
0.790000 -0.480115
0.792500 -0.478256
0.795000 -0.476376
0.797500 -0.474477
0.800000 -0.472558
0.802500 -0.470619
0.805000 -0.468660
0.807500 -0.466682
0.810000 -0.464684
0.812500 -0.462667
0.815000 -0.460631
0.817500 -0.458575
0.820000 -0.456500
0.822500 -0.454407
0.825000 -0.452294
0.827500 -0.450163
0.830000 -0.448013
0.832500 -0.445844
0.835000 -0.443657
0.837500 -0.441451
0.840000 -0.439227
0.842500 -0.436985
0.845000 -0.434725
0.847500 -0.432447
0.850000 -0.430151
0.852500 -0.427837
0.855000 -0.425505
0.857500 -0.423156
0.860000 -0.420790
0.862500 -0.418406
0.865000 -0.416005
0.867500 -0.413587
0.870000 -0.411152
0.872500 -0.408700
0.875000 -0.406231
0.877500 -0.403745
0.880000 -0.401243
0.882500 -0.398725
0.885000 -0.396190
0.887500 -0.393639
0.890000 -0.391072
0.892500 -0.388489
0.895000 -0.385890
0.897500 -0.383275
0.900000 -0.380645
0.902500 -0.377999
0.905000 -0.375338
0.907500 -0.372661
0.910000 -0.369969
0.912500 -0.367263
0.915000 -0.364541
0.917500 -0.361805
0.920000 -0.359054
0.922500 -0.356288
0.925000 -0.353508
0.927500 -0.350714
0.930000 -0.347905
0.932500 -0.345083
0.935000 -0.342246
0.937500 -0.339396
0.940000 -0.336532
0.942500 -0.333654
0.945000 -0.330763
0.947500 -0.327859
0.950000 -0.324942
0.952500 -0.322011
0.955000 -0.319068
0.957500 -0.316112
0.960000 -0.313143
0.962500 -0.310162
0.965000 -0.307168
0.967500 -0.304162
0.970000 -0.301144
0.972500 -0.298113
0.975000 -0.295071
0.977500 -0.292018
0.980000 -0.288952
0.982500 -0.285875
0.985000 -0.282787
0.987500 -0.279687
0.990000 -0.276577
0.992500 -0.273455
0.995000 -0.270323
0.997500 -0.267180
1.000000 -0.264026
1.002500 -0.260862
1.005000 -0.257687
1.007500 -0.254503
1.010000 -0.251308
1.012500 -0.248104
1.015000 -0.244889
1.017500 -0.241665
1.020000 -0.238432
1.022500 -0.235189
1.025000 -0.231937
1.027500 -0.228676
1.030000 -0.225406
1.032500 -0.222127
1.035000 -0.218840
1.037500 -0.215544
1.040000 -0.212239
1.042500 -0.208927
1.045000 -0.205606
1.047500 -0.202277
1.050000 -0.198940
1.052500 -0.195596
1.055000 -0.192243
1.057500 -0.188884
1.060000 -0.185517
1.062500 -0.182143
1.065000 -0.178762
1.067500 -0.175374
1.070000 -0.171979
1.072500 -0.168578
1.075000 -0.165170
1.077500 -0.161756
1.080000 -0.158335
1.082500 -0.154909
1.085000 -0.151476
1.087500 -0.148038
1.090000 -0.144594
1.092500 -0.141144
1.095000 -0.137690
1.097500 -0.134229
1.100000 -0.130764
1.102500 -0.127294
1.105000 -0.123819
1.107500 -0.120339
1.110000 -0.116854
1.112500 -0.113366
1.115000 -0.109872
1.117500 -0.106375
1.120000 -0.102874
1.122500 -0.099368
1.125000 -0.095859
1.127500 -0.092347
1.130000 -0.088831
1.132500 -0.085311
1.135000 -0.081788
1.137500 -0.078263
1.140000 -0.074734
1.142500 -0.071202
1.145000 -0.067668
1.147500 -0.064132
1.150000 -0.060592
1.152500 -0.057051
1.155000 -0.053507
1.157500 -0.049962
1.160000 -0.046415
1.162500 -0.042865
1.165000 -0.039315
1.167500 -0.035763
1.170000 -0.032209
1.172500 -0.028654
1.175000 -0.025099
1.177500 -0.021542
1.180000 -0.017984
1.182500 -0.014426
1.185000 -0.010868
1.187500 -0.007309
1.190000 -0.003749
1.192500 -0.000190
1.195000 0.003370
1.197500 0.006929
1.200000 0.010488
1.202500 0.014047
1.205000 0.017605
1.207500 0.021163
1.210000 0.024720
1.212500 0.028275
1.215000 0.031830
1.217500 0.035384
1.220000 0.038936
1.222500 0.042487
1.225000 0.046037
1.227500 0.049585
1.230000 0.053131
1.232500 0.056675
1.235000 0.060217
1.237500 0.063757
1.240000 0.067294
1.242500 0.070829
1.245000 0.074362
1.247500 0.077892
1.250000 0.081419
1.252500 0.084943
1.255000 0.088465
1.257500 0.091983
1.260000 0.095497
1.262500 0.099009
1.265000 0.102516
1.267500 0.106021
1.270000 0.109521
1.272500 0.113018
1.275000 0.116510
1.277500 0.119998
1.280000 0.123483
1.282500 0.126962
1.285000 0.130438
1.287500 0.133908
1.290000 0.137374
1.292500 0.140835
1.295000 0.144292
1.297500 0.147743
1.300000 0.151189
1.302500 0.154630
1.305000 0.158065
1.307500 0.161495
1.310000 0.164919
1.312500 0.168337
1.315000 0.171750
1.317500 0.175156
1.320000 0.178557
1.322500 0.181951
1.325000 0.185339
1.327500 0.188721
1.330000 0.192096
1.332500 0.195465
1.335000 0.198827
1.337500 0.202182
1.340000 0.205530
1.342500 0.208871
1.345000 0.212205
1.347500 0.215531
1.350000 0.218851
1.352500 0.222162
1.355000 0.225467
1.357500 0.228763
1.360000 0.232052
1.362500 0.235333
1.365000 0.238606
1.367500 0.241871
1.370000 0.245128
1.372500 0.248376
1.375000 0.251616
1.377500 0.254848
1.380000 0.258071
1.382500 0.261285
1.385000 0.264491
1.387500 0.267688
1.390000 0.270876
1.392500 0.274055
1.395000 0.277224
1.397500 0.280385
1.400000 0.283536
1.402500 0.286678
1.405000 0.289810
1.407500 0.292933
1.410000 0.296046
1.412500 0.299149
1.415000 0.302243
1.417500 0.305326
1.420000 0.308400
1.422500 0.311463
1.425000 0.314517
1.427500 0.317560
1.430000 0.320592
1.432500 0.323614
1.435000 0.326626
1.437500 0.329627
1.440000 0.332617
1.442500 0.335597
1.445000 0.338565
1.447500 0.341523
1.450000 0.344470
1.452500 0.347405
1.455000 0.350330
1.457500 0.353243
1.460000 0.356145
1.462500 0.359035
1.465000 0.361914
1.467500 0.364782
1.470000 0.367638
1.472500 0.370482
1.475000 0.373314
1.477500 0.376135
1.480000 0.378944
1.482500 0.381740
1.485000 0.384525
1.487500 0.387297
1.490000 0.390058
1.492500 0.392806
1.495000 0.395542
1.497500 0.398265
1.500000 0.400976
1.502500 0.403675
1.505000 0.406360
1.507500 0.409034
1.510000 0.411694
1.512500 0.414342
1.515000 0.416977
1.517500 0.419599
1.520000 0.422208
1.522500 0.424805
1.525000 0.427388
1.527500 0.429958
1.530000 0.432515
1.532500 0.435058
1.535000 0.437588
1.537500 0.440106
1.540000 0.442609
1.542500 0.445099
1.545000 0.447576
1.547500 0.450039
1.550000 0.452489
1.552500 0.454925
1.555000 0.457347
1.557500 0.459755
1.560000 0.462150
1.562500 0.464531
1.565000 0.466898
1.567500 0.469251
1.570000 0.471590
1.572500 0.473915
1.575000 0.476226
1.577500 0.478523
1.580000 0.480806
1.582500 0.483074
1.585000 0.485329
1.587500 0.487569
1.590000 0.489794
1.592500 0.492006
1.595000 0.494203
1.597500 0.496386
1.600000 0.498554
1.602500 0.500707
1.605000 0.502846
1.607500 0.504971
1.610000 0.507081
1.612500 0.509176
1.615000 0.511257
1.617500 0.513323
1.620000 0.515374
1.622500 0.517411
1.625000 0.519433
1.627500 0.521440
1.630000 0.523432
1.632500 0.525409
1.635000 0.527371
1.637500 0.529319
1.640000 0.531251
1.642500 0.533169
1.645000 0.535071
1.647500 0.536959
1.650000 0.538831
1.652500 0.540688
1.655000 0.542531
1.657500 0.544358
1.660000 0.546170
1.662500 0.547967
1.665000 0.549749
1.667500 0.551515
1.670000 0.553267
1.672500 0.555003
1.675000 0.556724
1.677500 0.558430
1.680000 0.560120
1.682500 0.561796
1.685000 0.563456
1.687500 0.565100
1.690000 0.566730
1.692500 0.568344
1.695000 0.569943
1.697500 0.571526
1.700000 0.573094
1.702500 0.574647
1.705000 0.576184
1.707500 0.577706
1.710000 0.579213
1.712500 0.580704
1.715000 0.582180
1.717500 0.583641
1.720000 0.585086
1.722500 0.586515
1.725000 0.587930
1.727500 0.589329
1.730000 0.590712
1.732500 0.592080
1.735000 0.593433
1.737500 0.594771
1.740000 0.596093
1.742500 0.597399
1.745000 0.598690
1.747500 0.599966
1.750000 0.601227
1.752500 0.602472
1.755000 0.603701
1.757500 0.604916
1.760000 0.606114
1.762500 0.607298
1.765000 0.608466
1.767500 0.609619
1.770000 0.610757
1.772500 0.611879
1.775000 0.612986
1.777500 0.614078
1.780000 0.615154
1.782500 0.616215
1.785000 0.617261
1.787500 0.618292
1.790000 0.619307
1.792500 0.620307
1.795000 0.621292
1.797500 0.622262
1.800000 0.623216
1.802500 0.624156
1.805000 0.625080
1.807500 0.625989
1.810000 0.626883
1.812500 0.627762
1.815000 0.628626
1.817500 0.629475
1.820000 0.630308
1.822500 0.631127
1.825000 0.631931
1.827500 0.632720
1.830000 0.633494
1.832500 0.634253
1.835000 0.634997
1.837500 0.635726
1.840000 0.636440
1.842500 0.637140
1.845000 0.637824
1.847500 0.638494
1.850000 0.639149
1.852500 0.639790
1.855000 0.640415
1.857500 0.641027
1.860000 0.641623
1.862500 0.642205
1.865000 0.642772
1.867500 0.643325
1.870000 0.643863
1.872500 0.644387
1.875000 0.644896
1.877500 0.645391
1.880000 0.645871
1.882500 0.646337
1.885000 0.646789
1.887500 0.647226
1.890000 0.647649
1.892500 0.648058
1.895000 0.648453
1.897500 0.648834
1.900000 0.649200
1.902500 0.649552
1.905000 0.649891
1.907500 0.650215
1.910000 0.650525
1.912500 0.650822
1.915000 0.651104
1.917500 0.651373
1.920000 0.651628
1.922500 0.651869
1.925000 0.652096
1.927500 0.652310
1.930000 0.652510
1.932500 0.652696
1.935000 0.652869
1.937500 0.653028
1.940000 0.653173
1.942500 0.653306
1.945000 0.653425
1.947500 0.653530
1.950000 0.653622
1.952500 0.653701
1.955000 0.653767
1.957500 0.653819
1.960000 0.653858
1.962500 0.653885
1.965000 0.653898
1.967500 0.653898
1.970000 0.653885
1.972500 0.653859
1.975000 0.653821
1.977500 0.653769
1.980000 0.653705
1.982500 0.653628
1.985000 0.653539
1.987500 0.653436
1.990000 0.653321
1.992500 0.653194
1.995000 0.653054
1.997500 0.652902
2.000000 0.652737
2.002500 0.652561
2.005000 0.652371
2.007500 0.652170
2.010000 0.651956
2.012500 0.651730
2.015000 0.651493
2.017500 0.651243
2.020000 0.650981
2.022500 0.650707
2.025000 0.650422
2.027500 0.650124
2.030000 0.649815
2.032500 0.649494
2.035000 0.649162
2.037500 0.648817
2.040000 0.648462
2.042500 0.648095
2.045000 0.647716
2.047500 0.647326
2.050000 0.646925
2.052500 0.646512
2.055000 0.646089
2.057500 0.645654
2.060000 0.645208
2.062500 0.644751
2.065000 0.644283
2.067500 0.643804
2.070000 0.643314
2.072500 0.642813
2.075000 0.642302
2.077500 0.641780
2.080000 0.641247
2.082500 0.640703
2.085000 0.640150
2.087500 0.639585
2.090000 0.639010
2.092500 0.638425
2.095000 0.637830
2.097500 0.637224
2.100000 0.636608
2.102500 0.635983
2.105000 0.635347
2.107500 0.634701
2.110000 0.634045
2.112500 0.633379
2.115000 0.632703
2.117500 0.632018
2.120000 0.631323
2.122500 0.630618
2.125000 0.629903
2.127500 0.629180
2.130000 0.628446
2.132500 0.627704
2.135000 0.626952
2.137500 0.626190
2.140000 0.625420
2.142500 0.624640
2.145000 0.623851
2.147500 0.623053
2.150000 0.622246
2.152500 0.621431
2.155000 0.620606
2.157500 0.619773
2.160000 0.618930
2.162500 0.618080
2.165000 0.617220
2.167500 0.616352
2.170000 0.615476
2.172500 0.614591
2.175000 0.613698
2.177500 0.612796
2.180000 0.611886
2.182500 0.610969
2.185000 0.610042
2.187500 0.609108
2.190000 0.608166
2.192500 0.607216
2.195000 0.606258
2.197500 0.605293
2.200000 0.604319
2.202500 0.603338
2.205000 0.602349
2.207500 0.601353
2.210000 0.600349
2.212500 0.599338
2.215000 0.598319
2.217500 0.597294
2.220000 0.596260
2.222500 0.595220
2.225000 0.594173
2.227500 0.593118
2.230000 0.592057
2.232500 0.590988
2.235000 0.589913
2.237500 0.588831
2.240000 0.587742
2.242500 0.586646
2.245000 0.585544
2.247500 0.584435
2.250000 0.583320
2.252500 0.582198
2.255000 0.581070
2.257500 0.579936
2.260000 0.578795
2.262500 0.577648
2.265000 0.576495
2.267500 0.575336
2.270000 0.574171
2.272500 0.573000
2.275000 0.571823
2.277500 0.570640
2.280000 0.569451
2.282500 0.568257
2.285000 0.567057
2.287500 0.565852
2.290000 0.564641
2.292500 0.563424
2.295000 0.562202
2.297500 0.560975
2.300000 0.559743
2.302500 0.558505
2.305000 0.557262
2.307500 0.556014
2.310000 0.554761
2.312500 0.553503
2.315000 0.552240
2.317500 0.550973
2.320000 0.549700
2.322500 0.548423
2.325000 0.547141
2.327500 0.545854
2.330000 0.544563
2.332500 0.543267
2.335000 0.541967
2.337500 0.540662
2.340000 0.539354
2.342500 0.538040
2.345000 0.536723
2.347500 0.535402
2.350000 0.534076
2.352500 0.532746
2.355000 0.531413
2.357500 0.530075
2.360000 0.528734
2.362500 0.527389
2.365000 0.526040
2.367500 0.524687
2.370000 0.523331
2.372500 0.521971
2.375000 0.520607
2.377500 0.519241
2.380000 0.517870
2.382500 0.516497
2.385000 0.515120
2.387500 0.513740
2.390000 0.512356
2.392500 0.510970
2.395000 0.509580
2.397500 0.508188
2.400000 0.506792
2.402500 0.505394
2.405000 0.503992
2.407500 0.502588
2.410000 0.501181
2.412500 0.499772
2.415000 0.498360
2.417500 0.496945
2.420000 0.495528
2.422500 0.494108
2.425000 0.492686
2.427500 0.491261
2.430000 0.489834
2.432500 0.488405
2.435000 0.486974
2.437500 0.485540
2.440000 0.484105
2.442500 0.482667
2.445000 0.481227
2.447500 0.479786
2.450000 0.478342
2.452500 0.476897
2.455000 0.475449
2.457500 0.474000
2.460000 0.472550
2.462500 0.471097
2.465000 0.469644
2.467500 0.468188
2.470000 0.466731
2.472500 0.465273
2.475000 0.463813
2.477500 0.462352
2.480000 0.460889
2.482500 0.459426
2.485000 0.457961
2.487500 0.456495
2.490000 0.455028
2.492500 0.453559
2.495000 0.452090
2.497500 0.450620
2.500000 0.449149
2.502500 0.447677
2.505000 0.446204
2.507500 0.444730
2.510000 0.443256
2.512500 0.441781
2.515000 0.440305
2.517500 0.438829
2.520000 0.437352
2.522500 0.435875
2.525000 0.434397
2.527500 0.432919
2.530000 0.431440
2.532500 0.429961
2.535000 0.428482
2.537500 0.427003
2.540000 0.425523
2.542500 0.424043
2.545000 0.422564
2.547500 0.421084
2.550000 0.419604
2.552500 0.418124
2.555000 0.416644
2.557500 0.415164
2.560000 0.413684
2.562500 0.412205
2.565000 0.410725
2.567500 0.409246
2.570000 0.407768
2.572500 0.406289
2.575000 0.404811
2.577500 0.403334
2.580000 0.401857
2.582500 0.400380
2.585000 0.398904
2.587500 0.397429
2.590000 0.395954
2.592500 0.394480
2.595000 0.393006
2.597500 0.391533
2.600000 0.390061
2.602500 0.388590
2.605000 0.387120
2.607500 0.385650
2.610000 0.384182
2.612500 0.382714
2.615000 0.381248
2.617500 0.379782
2.620000 0.378318
2.622500 0.376854
2.625000 0.375392
2.627500 0.373931
2.630000 0.372471
2.632500 0.371012
2.635000 0.369555
2.637500 0.368099
2.640000 0.366644
2.642500 0.365191
2.645000 0.363739
2.647500 0.362288
2.650000 0.360839
2.652500 0.359392
2.655000 0.357946
2.657500 0.356501
2.660000 0.355059
2.662500 0.353617
2.665000 0.352178
2.667500 0.350740
2.670000 0.349304
2.672500 0.347869
2.675000 0.346437
2.677500 0.345006
2.680000 0.343577
2.682500 0.342150
2.685000 0.340725
2.687500 0.339302
2.690000 0.337880
2.692500 0.336461
2.695000 0.335044
2.697500 0.333629
2.700000 0.332215
2.702500 0.330804
2.705000 0.329395
2.707500 0.327989
2.710000 0.326584
2.712500 0.325182
2.715000 0.323782
2.717500 0.322384
2.720000 0.320988
2.722500 0.319595
2.725000 0.318204
2.727500 0.316815
2.730000 0.315429
2.732500 0.314045
2.735000 0.312664
2.737500 0.311285
2.740000 0.309908
2.742500 0.308534
2.745000 0.307163
2.747500 0.305794
2.750000 0.304428
2.752500 0.303064
2.755000 0.301703
2.757500 0.300344
2.760000 0.298989
2.762500 0.297636
2.765000 0.296285
2.767500 0.294937
2.770000 0.293593
2.772500 0.292250
2.775000 0.290911
2.777500 0.289574
2.780000 0.288241
2.782500 0.286910
2.785000 0.285582
2.787500 0.284257
2.790000 0.282934
2.792500 0.281615
2.795000 0.280299
2.797500 0.278985
2.800000 0.277675
2.802500 0.276367
2.805000 0.275063
2.807500 0.273762
2.810000 0.272463
2.812500 0.271168
2.815000 0.269876
2.817500 0.268587
2.820000 0.267301
2.822500 0.266018
2.825000 0.264738
2.827500 0.263462
2.830000 0.262189
2.832500 0.260918
2.835000 0.259651
2.837500 0.258388
2.840000 0.257127
2.842500 0.255870
2.845000 0.254616
2.847500 0.253365
2.850000 0.252118
2.852500 0.250874
2.855000 0.249633
2.857500 0.248396
2.860000 0.247162
2.862500 0.245931
2.865000 0.244704
2.867500 0.243480
2.870000 0.242259
2.872500 0.241042
2.875000 0.239828
2.877500 0.238618
2.880000 0.237411
2.882500 0.236208
2.885000 0.235008
2.887500 0.233812
2.890000 0.232619
2.892500 0.231429
2.895000 0.230243
2.897500 0.229061
2.900000 0.227882
2.902500 0.226707
2.905000 0.225535
2.907500 0.224366
2.910000 0.223202
2.912500 0.222041
2.915000 0.220883
2.917500 0.219729
2.920000 0.218579
2.922500 0.217432
2.925000 0.216289
2.927500 0.215149
2.930000 0.214013
2.932500 0.212881
2.935000 0.211752
2.937500 0.210627
2.940000 0.209506
2.942500 0.208388
2.945000 0.207274
2.947500 0.206164
2.950000 0.205057
2.952500 0.203954
2.955000 0.202855
2.957500 0.201760
2.960000 0.200668
2.962500 0.199579
2.965000 0.198495
2.967500 0.197414
2.970000 0.196337
2.972500 0.195264
2.975000 0.194194
2.977500 0.193128
2.980000 0.192066
2.982500 0.191008
2.985000 0.189953
2.987500 0.188902
2.990000 0.187855
2.992500 0.186812
2.995000 0.185772
2.997500 0.184736
3.000000 0.183704
3.002500 0.182676
3.005000 0.181651
3.007500 0.180631
3.010000 0.179614
3.012500 0.178600
3.015000 0.177591
3.017500 0.176585
3.020000 0.175583
3.022500 0.174585
3.025000 0.173591
3.027500 0.172600
3.030000 0.171613
3.032500 0.170630
3.035000 0.169651
3.037500 0.168675
3.040000 0.167704
3.042500 0.166736
3.045000 0.165772
3.047500 0.164811
3.050000 0.163855
3.052500 0.162902
3.055000 0.161953
3.057500 0.161008
3.060000 0.160066
3.062500 0.159128
3.065000 0.158194
3.067500 0.157264
3.070000 0.156338
3.072500 0.155415
3.075000 0.154497
3.077500 0.153581
3.080000 0.152670
3.082500 0.151763
3.085000 0.150859
3.087500 0.149959
3.090000 0.149063
3.092500 0.148170
3.095000 0.147281
3.097500 0.146396
3.100000 0.145515
3.102500 0.144638
3.105000 0.143764
3.107500 0.142894
3.110000 0.142027
3.112500 0.141165
3.115000 0.140306
3.117500 0.139451
3.120000 0.138599
3.122500 0.137752
3.125000 0.136908
3.127500 0.136067
3.130000 0.135231
3.132500 0.134398
3.135000 0.133569
3.137500 0.132743
3.140000 0.131921
3.142500 0.131103
3.145000 0.130289
3.147500 0.129478
3.150000 0.128671
3.152500 0.127867
3.155000 0.127068
3.157500 0.126271
3.160000 0.125479
3.162500 0.124690
3.165000 0.123905
3.167500 0.123123
3.170000 0.122345
3.172500 0.121571
3.175000 0.120800
3.177500 0.120033
3.180000 0.119269
3.182500 0.118509
3.185000 0.117753
3.187500 0.117000
3.190000 0.116250
3.192500 0.115505
3.195000 0.114763
3.197500 0.114024
3.200000 0.113289
3.202500 0.112557
3.205000 0.111829
3.207500 0.111105
3.210000 0.110384
3.212500 0.109666
3.215000 0.108953
3.217500 0.108242
3.220000 0.107535
3.222500 0.106832
3.225000 0.106132
3.227500 0.105435
3.230000 0.104742
3.232500 0.104052
3.235000 0.103366
3.237500 0.102683
3.240000 0.102004
3.242500 0.101328
3.245000 0.100655
3.247500 0.099986
3.250000 0.099321
3.252500 0.098658
3.255000 0.097999
3.257500 0.097344
3.260000 0.096691
3.262500 0.096043
3.265000 0.095397
3.267500 0.094755
3.270000 0.094116
3.272500 0.093480
3.275000 0.092848
3.277500 0.092219
3.280000 0.091593
3.282500 0.090971
3.285000 0.090352
3.287500 0.089736
3.290000 0.089123
3.292500 0.088514
3.295000 0.087908
3.297500 0.087305
3.300000 0.086705
3.302500 0.086109
3.305000 0.085515
3.307500 0.084925
3.310000 0.084338
3.312500 0.083755
3.315000 0.083174
3.317500 0.082597
3.320000 0.082022
3.322500 0.081451
3.325000 0.080883
3.327500 0.080318
3.330000 0.079756
3.332500 0.079198
3.335000 0.078642
3.337500 0.078089
3.340000 0.077540
3.342500 0.076993
3.345000 0.076450
3.347500 0.075910
3.350000 0.075372
3.352500 0.074838
3.355000 0.074307
3.357500 0.073778
3.360000 0.073253
3.362500 0.072731
3.365000 0.072211
3.367500 0.071695
3.370000 0.071181
3.372500 0.070671
3.375000 0.070163
3.377500 0.069658
3.380000 0.069156
3.382500 0.068657
3.385000 0.068161
3.387500 0.067668
3.390000 0.067178
3.392500 0.066690
3.395000 0.066206
3.397500 0.065724
3.400000 0.065245
3.402500 0.064769
3.405000 0.064295
3.407500 0.063825
3.410000 0.063357
3.412500 0.062892
3.415000 0.062430
3.417500 0.061970
3.420000 0.061513
3.422500 0.061059
3.425000 0.060608
3.427500 0.060159
3.430000 0.059713
3.432500 0.059270
3.435000 0.058829
3.437500 0.058391
3.440000 0.057956
3.442500 0.057523
3.445000 0.057093
3.447500 0.056666
3.450000 0.056241
3.452500 0.055819
3.455000 0.055399
3.457500 0.054982
3.460000 0.054568
3.462500 0.054156
3.465000 0.053747
3.467500 0.053340
3.470000 0.052935
3.472500 0.052534
3.475000 0.052134
3.477500 0.051738
3.480000 0.051343
3.482500 0.050951
3.485000 0.050562
3.487500 0.050175
3.490000 0.049791
3.492500 0.049409
3.495000 0.049029
3.497500 0.048652
3.500000 0.048277
3.502500 0.047904
3.505000 0.047534
3.507500 0.047167
3.510000 0.046801
3.512500 0.046438
3.515000 0.046078
3.517500 0.045719
3.520000 0.045363
3.522500 0.045010
3.525000 0.044658
3.527500 0.044309
3.530000 0.043962
3.532500 0.043617
3.535000 0.043275
3.537500 0.042935
3.540000 0.042597
3.542500 0.042261
3.545000 0.041928
3.547500 0.041596
3.550000 0.041267
3.552500 0.040940
3.555000 0.040616
3.557500 0.040293
3.560000 0.039973
3.562500 0.039654
3.565000 0.039338
3.567500 0.039024
3.570000 0.038712
3.572500 0.038402
3.575000 0.038094
3.577500 0.037788
3.580000 0.037485
3.582500 0.037183
3.585000 0.036884
3.587500 0.036586
3.590000 0.036290
3.592500 0.035997
3.595000 0.035705
3.597500 0.035416
3.600000 0.035128
3.602500 0.034843
3.605000 0.034559
3.607500 0.034278
3.610000 0.033998
3.612500 0.033720
3.615000 0.033444
3.617500 0.033170
3.620000 0.032898
3.622500 0.032628
3.625000 0.032360
3.627500 0.032093
3.630000 0.031829
3.632500 0.031566
3.635000 0.031305
3.637500 0.031046
3.640000 0.030789
3.642500 0.030533
3.645000 0.030280
3.647500 0.030028
3.650000 0.029778
3.652500 0.029530
3.655000 0.029283
3.657500 0.029039
3.660000 0.028796
3.662500 0.028554
3.665000 0.028315
3.667500 0.028077
3.670000 0.027841
3.672500 0.027607
3.675000 0.027374
3.677500 0.027143
3.680000 0.026913
3.682500 0.026686
3.685000 0.026460
3.687500 0.026235
3.690000 0.026012
3.692500 0.025791
3.695000 0.025572
3.697500 0.025354
3.700000 0.025137
3.702500 0.024923
3.705000 0.024710
3.707500 0.024498
3.710000 0.024288
3.712500 0.024079
3.715000 0.023872
3.717500 0.023667
3.720000 0.023463
3.722500 0.023261
3.725000 0.023060
3.727500 0.022860
3.730000 0.022662
3.732500 0.022466
3.735000 0.022271
3.737500 0.022078
3.740000 0.021886
3.742500 0.021695
3.745000 0.021506
3.747500 0.021318
3.750000 0.021132
3.752500 0.020947
3.755000 0.020763
3.757500 0.020581
3.760000 0.020401
3.762500 0.020221
3.765000 0.020043
3.767500 0.019867
3.770000 0.019691
3.772500 0.019517
3.775000 0.019345
3.777500 0.019174
3.780000 0.019004
3.782500 0.018835
3.785000 0.018668
3.787500 0.018502
3.790000 0.018337
3.792500 0.018173
3.795000 0.018011
3.797500 0.017850
3.800000 0.017690
3.802500 0.017532
3.805000 0.017375
3.807500 0.017219
3.810000 0.017064
3.812500 0.016910
3.815000 0.016758
3.817500 0.016607
3.820000 0.016457
3.822500 0.016308
3.825000 0.016161
3.827500 0.016014
3.830000 0.015869
3.832500 0.015725
3.835000 0.015582
3.837500 0.015440
3.840000 0.015299
3.842500 0.015160
3.845000 0.015021
3.847500 0.014884
3.850000 0.014748
3.852500 0.014613
3.855000 0.014479
3.857500 0.014346
3.860000 0.014214
3.862500 0.014083
3.865000 0.013953
3.867500 0.013824
3.870000 0.013697
3.872500 0.013570
3.875000 0.013445
3.877500 0.013320
3.880000 0.013196
3.882500 0.013074
3.885000 0.012952
3.887500 0.012832
3.890000 0.012712
3.892500 0.012594
3.895000 0.012476
3.897500 0.012359
3.900000 0.012244
3.902500 0.012129
3.905000 0.012015
3.907500 0.011902
3.910000 0.011790
3.912500 0.011679
3.915000 0.011569
3.917500 0.011460
3.920000 0.011352
3.922500 0.011245
3.925000 0.011138
3.927500 0.011033
3.930000 0.010928
3.932500 0.010824
3.935000 0.010721
3.937500 0.010619
3.940000 0.010518
3.942500 0.010418
3.945000 0.010319
3.947500 0.010220
3.950000 0.010122
3.952500 0.010025
3.955000 0.009929
3.957500 0.009834
3.960000 0.009739
3.962500 0.009646
3.965000 0.009553
3.967500 0.009461
3.970000 0.009369
3.972500 0.009279
3.975000 0.009189
3.977500 0.009100
3.980000 0.009012
3.982500 0.008925
3.985000 0.008838
3.987500 0.008752
3.990000 0.008667
3.992500 0.008582
3.995000 0.008499
3.997500 0.008416
4.000000 0.008333
4.002500 0.008252
4.005000 0.008171
4.007500 0.008091
4.010000 0.008011
4.012500 0.007933
4.015000 0.007855
4.017500 0.007777
4.020000 0.007701
4.022500 0.007625
4.025000 0.007549
4.027500 0.007475
4.030000 0.007401
4.032500 0.007327
4.035000 0.007255
4.037500 0.007183
4.040000 0.007111
4.042500 0.007041
4.045000 0.006970
4.047500 0.006901
4.050000 0.006832
4.052500 0.006764
4.055000 0.006696
4.057500 0.006629
4.060000 0.006563
4.062500 0.006497
4.065000 0.006432
4.067500 0.006367
4.070000 0.006303
4.072500 0.006239
4.075000 0.006176
4.077500 0.006114
4.080000 0.006052
4.082500 0.005991
4.085000 0.005930
4.087500 0.005870
4.090000 0.005811
4.092500 0.005752
4.095000 0.005693
4.097500 0.005635
4.100000 0.005578
4.102500 0.005521
4.105000 0.005464
4.107500 0.005409
4.110000 0.005353
4.112500 0.005298
4.115000 0.005244
4.117500 0.005190
4.120000 0.005137
4.122500 0.005084
4.125000 0.005032
4.127500 0.004980
4.130000 0.004929
4.132500 0.004878
4.135000 0.004827
4.137500 0.004777
4.140000 0.004728
4.142500 0.004679
4.145000 0.004630
4.147500 0.004582
4.150000 0.004535
4.152500 0.004487
4.155000 0.004441
4.157500 0.004394
4.160000 0.004348
4.162500 0.004303
4.165000 0.004258
4.167500 0.004213
4.170000 0.004169
4.172500 0.004126
4.175000 0.004082
4.177500 0.004039
4.180000 0.003997
4.182500 0.003955
4.185000 0.003913
4.187500 0.003872
4.190000 0.003831
4.192500 0.003790
4.195000 0.003750
4.197500 0.003710
4.200000 0.003671
4.202500 0.003632
4.205000 0.003594
4.207500 0.003555
4.210000 0.003517
4.212500 0.003480
4.215000 0.003443
4.217500 0.003406
4.220000 0.003370
4.222500 0.003334
4.225000 0.003298
4.227500 0.003263
4.230000 0.003228
4.232500 0.003193
4.235000 0.003159
4.237500 0.003125
4.240000 0.003091
4.242500 0.003058
4.245000 0.003025
4.247500 0.002992
4.250000 0.002959
4.252500 0.002927
4.255000 0.002896
4.257500 0.002864
4.260000 0.002833
4.262500 0.002802
4.265000 0.002772
4.267500 0.002742
4.270000 0.002712
4.272500 0.002682
4.275000 0.002653
4.277500 0.002624
4.280000 0.002595
4.282500 0.002567
4.285000 0.002539
4.287500 0.002511
4.290000 0.002483
4.292500 0.002456
4.295000 0.002429
4.297500 0.002402
4.300000 0.002376
4.302500 0.002350
4.305000 0.002324
4.307500 0.002298
4.310000 0.002272
4.312500 0.002247
4.315000 0.002222
4.317500 0.002198
4.320000 0.002173
4.322500 0.002149
4.325000 0.002125
4.327500 0.002102
4.330000 0.002078
4.332500 0.002055
4.335000 0.002032
4.337500 0.002009
4.340000 0.001987
4.342500 0.001964
4.345000 0.001942
4.347500 0.001921
4.350000 0.001899
4.352500 0.001878
4.355000 0.001857
4.357500 0.001836
4.360000 0.001815
4.362500 0.001794
4.365000 0.001774
4.367500 0.001754
4.370000 0.001734
4.372500 0.001715
4.375000 0.001695
4.377500 0.001676
4.380000 0.001657
4.382500 0.001638
4.385000 0.001619
4.387500 0.001601
4.390000 0.001583
4.392500 0.001565
4.395000 0.001547
4.397500 0.001529
4.400000 0.001512
4.402500 0.001494
4.405000 0.001477
4.407500 0.001460
4.410000 0.001443
4.412500 0.001427
4.415000 0.001410
4.417500 0.001394
4.420000 0.001378
4.422500 0.001362
4.425000 0.001346
4.427500 0.001331
4.430000 0.001315
4.432500 0.001300
4.435000 0.001285
4.437500 0.001270
4.440000 0.001256
4.442500 0.001241
4.445000 0.001226
4.447500 0.001212
4.450000 0.001198
4.452500 0.001184
4.455000 0.001170
4.457500 0.001157
4.460000 0.001143
4.462500 0.001130
4.465000 0.001116
4.467500 0.001103
4.470000 0.001090
4.472500 0.001078
4.475000 0.001065
4.477500 0.001052
4.480000 0.001040
4.482500 0.001028
4.485000 0.001016
4.487500 0.001004
4.490000 0.000992
4.492500 0.000980
4.495000 0.000968
4.497500 0.000957
4.500000 0.000946
4.502500 0.000934
4.505000 0.000923
4.507500 0.000912
4.510000 0.000901
4.512500 0.000891
4.515000 0.000880
4.517500 0.000869
4.520000 0.000859
4.522500 0.000849
4.525000 0.000839
4.527500 0.000829
4.530000 0.000819
4.532500 0.000809
4.535000 0.000799
4.537500 0.000789
4.540000 0.000780
4.542500 0.000771
4.545000 0.000761
4.547500 0.000752
4.550000 0.000743
4.552500 0.000734
4.555000 0.000725
4.557500 0.000716
4.560000 0.000708
4.562500 0.000699
4.565000 0.000691
4.567500 0.000682
4.570000 0.000674
4.572500 0.000666
4.575000 0.000658
4.577500 0.000650
4.580000 0.000642
4.582500 0.000634
4.585000 0.000626
4.587500 0.000618
4.590000 0.000611
4.592500 0.000603
4.595000 0.000596
4.597500 0.000589
4.600000 0.000581
4.602500 0.000574
4.605000 0.000567
4.607500 0.000560
4.610000 0.000553
4.612500 0.000546
4.615000 0.000540
4.617500 0.000533
4.620000 0.000526
4.622500 0.000520
4.625000 0.000513
4.627500 0.000507
4.630000 0.000501
4.632500 0.000495
4.635000 0.000488
4.637500 0.000482
4.640000 0.000476
4.642500 0.000470
4.645000 0.000464
4.647500 0.000459
4.650000 0.000453
4.652500 0.000447
4.655000 0.000442
4.657500 0.000436
4.660000 0.000431
4.662500 0.000425
4.665000 0.000420
4.667500 0.000415
4.670000 0.000409
4.672500 0.000404
4.675000 0.000399
4.677500 0.000394
4.680000 0.000389
4.682500 0.000384
4.685000 0.000379
4.687500 0.000375
4.690000 0.000370
4.692500 0.000365
4.695000 0.000360
4.697500 0.000356
4.700000 0.000351
4.702500 0.000347
4.705000 0.000342
4.707500 0.000338
4.710000 0.000334
4.712500 0.000329
4.715000 0.000325
4.717500 0.000321
4.720000 0.000317
4.722500 0.000313
4.725000 0.000309
4.727500 0.000305
4.730000 0.000301
4.732500 0.000297
4.735000 0.000293
4.737500 0.000290
4.740000 0.000286
4.742500 0.000282
4.745000 0.000278
4.747500 0.000275
4.750000 0.000271
4.752500 0.000268
4.755000 0.000264
4.757500 0.000261
4.760000 0.000258
4.762500 0.000254
4.765000 0.000251
4.767500 0.000248
4.770000 0.000244
4.772500 0.000241
4.775000 0.000238
4.777500 0.000235
4.780000 0.000232
4.782500 0.000229
4.785000 0.000226
4.787500 0.000223
4.790000 0.000220
4.792500 0.000217
4.795000 0.000214
4.797500 0.000211
4.800000 0.000209
4.802500 0.000206
4.805000 0.000203
4.807500 0.000200
4.810000 0.000198
4.812500 0.000195
4.815000 0.000193
4.817500 0.000190
4.820000 0.000188
4.822500 0.000185
4.825000 0.000183
4.827500 0.000180
4.830000 0.000178
4.832500 0.000175
4.835000 0.000173
4.837500 0.000171
4.840000 0.000169
4.842500 0.000166
4.845000 0.000164
4.847500 0.000162
4.850000 0.000160
4.852500 0.000158
4.855000 0.000155
4.857500 0.000153
4.860000 0.000151
4.862500 0.000149
4.865000 0.000147
4.867500 0.000145
4.870000 0.000143
4.872500 0.000141
4.875000 0.000140
4.877500 0.000138
4.880000 0.000136
4.882500 0.000134
4.885000 0.000132
4.887500 0.000130
4.890000 0.000129
4.892500 0.000127
4.895000 0.000125
4.897500 0.000123
4.900000 0.000122
4.902500 0.000120
4.905000 0.000118
4.907500 0.000117
4.910000 0.000115
4.912500 0.000114
4.915000 0.000112
4.917500 0.000111
4.920000 0.000109
4.922500 0.000108
4.925000 0.000106
4.927500 0.000105
4.930000 0.000103
4.932500 0.000102
4.935000 0.000100
4.937500 0.000099
4.940000 0.000098
4.942500 0.000096
4.945000 0.000095
4.947500 0.000094
4.950000 0.000092
4.952500 0.000091
4.955000 0.000090
4.957500 0.000089
4.960000 0.000087
4.962500 0.000086
4.965000 0.000085
4.967500 0.000084
4.970000 0.000083
4.972500 0.000081
4.975000 0.000080
4.977500 0.000079
4.980000 0.000078
4.982500 0.000077
4.985000 0.000076
4.987500 0.000075
4.990000 0.000074
4.992500 0.000073
4.995000 0.000072
4.997500 0.000071
5.000000 0.000070
5.002500 0.000069
5.005000 0.000068
5.007500 0.000067
5.010000 0.000066
5.012500 0.000065
5.015000 0.000064
5.017500 0.000063
5.020000 0.000062
5.022500 0.000061
5.025000 0.000060
5.027500 0.000060
5.030000 0.000059
5.032500 0.000058
5.035000 0.000057
5.037500 0.000056
5.040000 0.000056
5.042500 0.000055
5.045000 0.000054
5.047500 0.000053
5.050000 0.000052
5.052500 0.000052
5.055000 0.000051
5.057500 0.000050
5.060000 0.000049
5.062500 0.000049
5.065000 0.000048
5.067500 0.000047
5.070000 0.000047
5.072500 0.000046
5.075000 0.000045
5.077500 0.000045
5.080000 0.000044
5.082500 0.000043
5.085000 0.000043
5.087500 0.000042
5.090000 0.000042
5.092500 0.000041
5.095000 0.000040
5.097500 0.000040
5.100000 0.000039
5.102500 0.000039
5.105000 0.000038
5.107500 0.000037
5.110000 0.000037
5.112500 0.000036
5.115000 0.000036
5.117500 0.000035
5.120000 0.000035
5.122500 0.000034
5.125000 0.000034
5.127500 0.000033
5.130000 0.000033
5.132500 0.000032
5.135000 0.000032
5.137500 0.000031
5.140000 0.000031
5.142500 0.000030
5.145000 0.000030
5.147500 0.000030
5.150000 0.000029
5.152500 0.000029
5.155000 0.000028
5.157500 0.000028
5.160000 0.000027
5.162500 0.000027
5.165000 0.000027
5.167500 0.000026
5.170000 0.000026
5.172500 0.000025
5.175000 0.000025
5.177500 0.000025
5.180000 0.000024
5.182500 0.000024
5.185000 0.000024
5.187500 0.000023
5.190000 0.000023
5.192500 0.000023
5.195000 0.000022
5.197500 0.000022
5.200000 0.000022
5.202500 0.000021
5.205000 0.000021
5.207500 0.000021
5.210000 0.000020
5.212500 0.000020
5.215000 0.000020
5.217500 0.000019
5.220000 0.000019
5.222500 0.000019
5.225000 0.000018
5.227500 0.000018
5.230000 0.000018
5.232500 0.000018
5.235000 0.000017
5.237500 0.000017
5.240000 0.000017
5.242500 0.000017
5.245000 0.000016
5.247500 0.000016
5.250000 0.000016
5.252500 0.000016
5.255000 0.000015
5.257500 0.000015
5.260000 0.000015
5.262500 0.000015
5.265000 0.000014
5.267500 0.000014
5.270000 0.000014
5.272500 0.000014
5.275000 0.000013
5.277500 0.000013
5.280000 0.000013
5.282500 0.000013
5.285000 0.000013
5.287500 0.000012
5.290000 0.000012
5.292500 0.000012
5.295000 0.000012
5.297500 0.000012
5.300000 0.000011
5.302500 0.000011
5.305000 0.000011
5.307500 0.000011
5.310000 0.000011
5.312500 0.000010
5.315000 0.000010
5.317500 0.000010
5.320000 0.000010
5.322500 0.000010
5.325000 0.000010
5.327500 0.000009
5.330000 0.000009
5.332500 0.000009
5.335000 0.000009
5.337500 0.000009
5.340000 0.000009
5.342500 0.000009
5.345000 0.000008
5.347500 0.000008
5.350000 0.000008
5.352500 0.000008
5.355000 0.000008
5.357500 0.000008
5.360000 0.000008
5.362500 0.000007
5.365000 0.000007
5.367500 0.000007
5.370000 0.000007
5.372500 0.000007
5.375000 0.000007
5.377500 0.000007
5.380000 0.000007
5.382500 0.000006
5.385000 0.000006
5.387500 0.000006
5.390000 0.000006
5.392500 0.000006
5.395000 0.000006
5.397500 0.000006
5.400000 0.000006
5.402500 0.000005
5.405000 0.000005
5.407500 0.000005
5.410000 0.000005
5.412500 0.000005
5.415000 0.000005
5.417500 0.000005
5.420000 0.000005
5.422500 0.000005
5.425000 0.000005
5.427500 0.000004
5.430000 0.000004
5.432500 0.000004
5.435000 0.000004
5.437500 0.000004
5.440000 0.000004
5.442500 0.000004
5.445000 0.000004
5.447500 0.000004
5.450000 0.000004
5.452500 0.000003
5.455000 0.000003
5.457500 0.000003
5.460000 0.000003
5.462500 0.000003
5.465000 0.000003
5.467500 0.000003
5.470000 0.000003
5.472500 0.000003
5.475000 0.000003
5.477500 0.000003
5.480000 0.000003
5.482500 0.000002
5.485000 0.000002
5.487500 0.000002
5.490000 0.000002
5.492500 0.000002
5.495000 0.000002
5.497500 0.000002
5.500000 0.000002
5.502500 0.000002
5.505000 0.000002
5.507500 0.000002
5.510000 0.000002
5.512500 0.000002
5.515000 0.000001
5.517500 0.000001
5.520000 0.000001
5.522500 0.000001
5.525000 0.000001
5.527500 0.000001
5.530000 0.000001
5.532500 0.000001
5.535000 0.000001
5.537500 0.000001
5.540000 0.000001
5.542500 0.000001
5.545000 0.000001
5.547500 0.000001
5.550000 0.000000
5.552500 0.000000
5.555000 0.000000
5.557500 0.000000
5.560000 0.000000
5.562500 0.000000
5.565000 0.000000
5.567500 0.000000
5.570000 -0.000000
5.572500 -0.000000
5.575000 -0.000000
5.577500 -0.000000
5.580000 -0.000000
5.582500 -0.000000
5.585000 -0.000000
5.587500 -0.000001
5.590000 -0.000001
5.592500 -0.000001
5.595000 -0.000001
5.597500 -0.000001
5.600000 -0.000001
5.602500 -0.000001
5.605000 -0.000001
5.607500 -0.000001
5.610000 -0.000001
5.612500 -0.000001
5.615000 -0.000001
5.617500 -0.000001
5.620000 -0.000001
5.622500 -0.000002
5.625000 -0.000002
5.627500 -0.000002
5.630000 -0.000002
5.632500 -0.000002
5.635000 -0.000002
5.637500 -0.000002
5.640000 -0.000002
5.642500 -0.000002
5.645000 -0.000002
5.647500 -0.000002
5.650000 -0.000002
5.652500 -0.000002
5.655000 -0.000003
5.657500 -0.000003
5.660000 -0.000003
5.662500 -0.000003
5.665000 -0.000003
5.667500 -0.000003
5.670000 -0.000003
5.672500 -0.000003
5.675000 -0.000003
5.677500 -0.000003
5.680000 -0.000003
5.682500 -0.000003
5.685000 -0.000004
5.687500 -0.000004
5.690000 -0.000004
5.692500 -0.000004
5.695000 -0.000004
5.697500 -0.000004
5.700000 -0.000004
5.702500 -0.000004
5.705000 -0.000004
5.707500 -0.000004
5.710000 -0.000005
5.712500 -0.000005
5.715000 -0.000005
5.717500 -0.000005
5.720000 -0.000005
5.722500 -0.000005
5.725000 -0.000005
5.727500 -0.000005
5.730000 -0.000005
5.732500 -0.000006
5.735000 -0.000006
5.737500 -0.000006
5.740000 -0.000006
5.742500 -0.000006
5.745000 -0.000006
5.747500 -0.000006
5.750000 -0.000006
5.752500 -0.000006
5.755000 -0.000007
5.757500 -0.000007
5.760000 -0.000007
5.762500 -0.000007
5.765000 -0.000007
5.767500 -0.000007
5.770000 -0.000007
5.772500 -0.000008
5.775000 -0.000008
5.777500 -0.000008
5.780000 -0.000008
5.782500 -0.000008
5.785000 -0.000008
5.787500 -0.000009
5.790000 -0.000009
5.792500 -0.000009
5.795000 -0.000009
5.797500 -0.000009
5.800000 -0.000009
5.802500 -0.000010
5.805000 -0.000010
5.807500 -0.000010
5.810000 -0.000010
5.812500 -0.000010
5.815000 -0.000010
5.817500 -0.000011
5.820000 -0.000011
5.822500 -0.000011
5.825000 -0.000011
5.827500 -0.000011
5.830000 -0.000012
5.832500 -0.000012
5.835000 -0.000012
5.837500 -0.000012
5.840000 -0.000013
5.842500 -0.000013
5.845000 -0.000013
5.847500 -0.000013
5.850000 -0.000014
5.852500 -0.000014
5.855000 -0.000014
5.857500 -0.000014
5.860000 -0.000015
5.862500 -0.000015
5.865000 -0.000015
5.867500 -0.000015
5.870000 -0.000016
5.872500 -0.000016
5.875000 -0.000016
5.877500 -0.000017
5.880000 -0.000017
5.882500 -0.000017
5.885000 -0.000017
5.887500 -0.000018
5.890000 -0.000018
5.892500 -0.000018
5.895000 -0.000019
5.897500 -0.000019
5.900000 -0.000019
5.902500 -0.000020
5.905000 -0.000020
5.907500 -0.000020
5.910000 -0.000021
5.912500 -0.000021
5.915000 -0.000022
5.917500 -0.000022
5.920000 -0.000022
5.922500 -0.000023
5.925000 -0.000023
5.927500 -0.000024
5.930000 -0.000024
5.932500 -0.000025
5.935000 -0.000025
5.937500 -0.000025
5.940000 -0.000026
5.942500 -0.000026
5.945000 -0.000027
5.947500 -0.000027
5.950000 -0.000028
5.952500 -0.000028
5.955000 -0.000029
5.957500 -0.000029
5.960000 -0.000030
5.962500 -0.000030
5.965000 -0.000031
5.967500 -0.000032
5.970000 -0.000032
5.972500 -0.000033
5.975000 -0.000033
5.977500 -0.000034
5.980000 -0.000035
5.982500 -0.000035
5.985000 -0.000036
5.987500 -0.000037
5.990000 -0.000037
5.992500 -0.000038
5.995000 -0.000039
5.997500 -0.000039
6.000000 -0.000040
6.002500 -0.000041
6.005000 -0.000041
6.007500 -0.000042
6.010000 -0.000043
6.012500 -0.000044
6.015000 -0.000045
6.017500 -0.000045
6.020000 -0.000046
6.022500 -0.000047
6.025000 -0.000048
6.027500 -0.000049
6.030000 -0.000050
6.032500 -0.000051
6.035000 -0.000052
6.037500 -0.000053
6.040000 -0.000054
6.042500 -0.000055
6.045000 -0.000056
6.047500 -0.000057
6.050000 -0.000058
6.052500 -0.000059
6.055000 -0.000060
6.057500 -0.000061
6.060000 -0.000062
6.062500 -0.000063
6.065000 -0.000064
6.067500 -0.000066
6.070000 -0.000067
6.072500 -0.000068
6.075000 -0.000069
6.077500 -0.000071
6.080000 -0.000072
6.082500 -0.000073
6.085000 -0.000075
6.087500 -0.000076
6.090000 -0.000078
6.092500 -0.000079
6.095000 -0.000081
6.097500 -0.000082
6.100000 -0.000084
6.102500 -0.000085
6.105000 -0.000087
6.107500 -0.000088
6.110000 -0.000090
6.112500 -0.000092
6.115000 -0.000094
6.117500 -0.000095
6.120000 -0.000097
6.122500 -0.000099
6.125000 -0.000101
6.127500 -0.000103
6.130000 -0.000105
6.132500 -0.000107
6.135000 -0.000109
6.137500 -0.000111
6.140000 -0.000113
6.142500 -0.000115
6.145000 -0.000117
6.147500 -0.000119
6.150000 -0.000122
6.152500 -0.000124
6.155000 -0.000126
6.157500 -0.000129
6.160000 -0.000131
6.162500 -0.000134
6.165000 -0.000136
6.167500 -0.000139
6.170000 -0.000142
6.172500 -0.000144
6.175000 -0.000147
6.177500 -0.000150
6.180000 -0.000153
6.182500 -0.000156
6.185000 -0.000159
6.187500 -0.000162
6.190000 -0.000165
6.192500 -0.000168
6.195000 -0.000171
6.197500 -0.000175
6.200000 -0.000178
6.202500 -0.000181
6.205000 -0.000185
6.207500 -0.000189
6.210000 -0.000192
6.212500 -0.000196
6.215000 -0.000200
6.217500 -0.000204
6.220000 -0.000208
6.222500 -0.000212
6.225000 -0.000216
6.227500 -0.000220
6.230000 -0.000224
6.232500 -0.000229
6.235000 -0.000233
6.237500 -0.000238
6.240000 -0.000242
6.242500 -0.000247
6.245000 -0.000252
6.247500 -0.000257
6.250000 -0.000262
6.252500 -0.000267
6.255000 -0.000272
6.257500 -0.000277
6.260000 -0.000283
6.262500 -0.000288
6.265000 -0.000294
6.267500 -0.000300
6.270000 -0.000306
6.272500 -0.000312
6.275000 -0.000318
6.277500 -0.000324
6.280000 -0.000331
6.282500 -0.000337
6.285000 -0.000344
6.287500 -0.000351
6.290000 -0.000358
6.292500 -0.000365
6.295000 -0.000372
6.297500 -0.000379
6.300000 -0.000387
6.302500 -0.000394
6.305000 -0.000402
6.307500 -0.000410
6.310000 -0.000418
6.312500 -0.000427
6.315000 -0.000435
6.317500 -0.000444
6.320000 -0.000453
6.322500 -0.000462
6.325000 -0.000471
6.327500 -0.000480
6.330000 -0.000490
6.332500 -0.000500
6.335000 -0.000510
6.337500 -0.000520
6.340000 -0.000531
6.342500 -0.000541
6.345000 -0.000552
6.347500 -0.000563
6.350000 -0.000574
6.352500 -0.000586
6.355000 -0.000598
6.357500 -0.000610
6.360000 -0.000622
6.362500 -0.000635
6.365000 -0.000647
6.367500 -0.000661
6.370000 -0.000674
6.372500 -0.000688
6.375000 -0.000701
6.377500 -0.000716
6.380000 -0.000730
6.382500 -0.000745
6.385000 -0.000760
6.387500 -0.000775
6.390000 -0.000791
6.392500 -0.000807
6.395000 -0.000824
6.397500 -0.000841
6.400000 -0.000858
6.402500 -0.000875
6.405000 -0.000893
6.407500 -0.000911
6.410000 -0.000930
6.412500 -0.000949
6.415000 -0.000968
6.417500 -0.000988
6.420000 -0.001008
6.422500 -0.001029
6.425000 -0.001050
6.427500 -0.001072
6.430000 -0.001094
6.432500 -0.001116
6.435000 -0.001139
6.437500 -0.001162
6.440000 -0.001186
6.442500 -0.001211
6.445000 -0.001236
6.447500 -0.001261
6.450000 -0.001287
6.452500 -0.001314
6.455000 -0.001341
6.457500 -0.001369
6.460000 -0.001397
6.462500 -0.001426
6.465000 -0.001455
6.467500 -0.001486
6.470000 -0.001516
6.472500 -0.001548
6.475000 -0.001580
6.477500 -0.001613
6.480000 -0.001646
6.482500 -0.001681
6.485000 -0.001716
6.487500 -0.001751
6.490000 -0.001788
6.492500 -0.001825
6.495000 -0.001863
6.497500 -0.001902
6.500000 -0.001942
6.502500 -0.001983
6.505000 -0.002024
6.507500 -0.002066
6.510000 -0.002110
6.512500 -0.002154
6.515000 -0.002199
6.517500 -0.002245
6.520000 -0.002292
6.522500 -0.002341
6.525000 -0.002390
6.527500 -0.002440
6.530000 -0.002492
6.532500 -0.002544
6.535000 -0.002598
6.537500 -0.002653
6.540000 -0.002709
6.542500 -0.002766
6.545000 -0.002824
6.547500 -0.002884
6.550000 -0.002945
6.552500 -0.003007
6.555000 -0.003071
6.557500 -0.003136
6.560000 -0.003203
6.562500 -0.003271
6.565000 -0.003340
6.567500 -0.003412
6.570000 -0.003484
6.572500 -0.003558
6.575000 -0.003634
6.577500 -0.003712
6.580000 -0.003791
6.582500 -0.003872
6.585000 -0.003954
6.587500 -0.004039
6.590000 -0.004125
6.592500 -0.004214
6.595000 -0.004304
6.597500 -0.004396
6.600000 -0.004490
6.602500 -0.004587
6.605000 -0.004685
6.607500 -0.004786
6.610000 -0.004889
6.612500 -0.004994
6.615000 -0.005101
6.617500 -0.005211
6.620000 -0.005323
6.622500 -0.005438
6.625000 -0.005555
6.627500 -0.005675
6.630000 -0.005798
6.632500 -0.005923
6.635000 -0.006051
6.637500 -0.006182
6.640000 -0.006316
6.642500 -0.006453
6.645000 -0.006593
6.647500 -0.006736
6.650000 -0.006882
6.652500 -0.007032
6.655000 -0.007185
6.657500 -0.007341
6.660000 -0.007501
6.662500 -0.007664
6.665000 -0.007831
6.667500 -0.008002
6.670000 -0.008177
6.672500 -0.008355
6.675000 -0.008538
6.677500 -0.008724
6.680000 -0.008915
6.682500 -0.009110
6.685000 -0.009310
6.687500 -0.009514
6.690000 -0.009722
6.692500 -0.009936
6.695000 -0.010154
6.697500 -0.010377
6.700000 -0.010605
6.702500 -0.010838
6.705000 -0.011077
6.707500 -0.011321
6.710000 -0.011571
6.712500 -0.011826
6.715000 -0.012087
6.717500 -0.012354
6.720000 -0.012626
6.722500 -0.012906
6.725000 -0.013191
6.727500 -0.013483
6.730000 -0.013782
6.732500 -0.014087
6.735000 -0.014400
6.737500 -0.014719
6.740000 -0.015046
6.742500 -0.015380
6.745000 -0.015722
6.747500 -0.016072
6.750000 -0.016429
6.752500 -0.016795
6.755000 -0.017170
6.757500 -0.017553
6.760000 -0.017944
6.762500 -0.018345
6.765000 -0.018755
6.767500 -0.019174
6.770000 -0.019603
6.772500 -0.020042
6.775000 -0.020490
6.777500 -0.020950
6.780000 -0.021419
6.782500 -0.021900
6.785000 -0.022392
6.787500 -0.022895
6.790000 -0.023409
6.792500 -0.023936
6.795000 -0.024475
6.797500 -0.025026
6.800000 -0.025590
6.802500 -0.026167
6.805000 -0.026757
6.807500 -0.027361
6.810000 -0.027979
6.812500 -0.028612
6.815000 -0.029259
6.817500 -0.029921
6.820000 -0.030598
6.822500 -0.031292
6.825000 -0.032001
6.827500 -0.032727
6.830000 -0.033470
6.832500 -0.034230
6.835000 -0.035008
6.837500 -0.035804
6.840000 -0.036619
6.842500 -0.037453
6.845000 -0.038306
6.847500 -0.039180
6.850000 -0.040073
6.852500 -0.040988
6.855000 -0.041924
6.857500 -0.042882
6.860000 -0.043863
6.862500 -0.044866
6.865000 -0.045893
6.867500 -0.046945
6.870000 -0.048021
6.872500 -0.049122
6.875000 -0.050250
6.877500 -0.051403
6.880000 -0.052585
6.882500 -0.053794
6.885000 -0.055031
6.887500 -0.056298
6.890000 -0.057595
6.892500 -0.058922
6.895000 -0.060281
6.897500 -0.061672
6.900000 -0.063096
6.902500 -0.064554
6.905000 -0.066046
6.907500 -0.067574
6.910000 -0.069138
6.912500 -0.070739
6.915000 -0.072378
6.917500 -0.074056
6.920000 -0.075774
6.922500 -0.077534
6.925000 -0.079335
6.927500 -0.081179
6.930000 -0.083067
6.932500 -0.085000
6.935000 -0.086979
6.937500 -0.089005
6.940000 -0.091080
6.942500 -0.093205
6.945000 -0.095380
6.947500 -0.097608
6.950000 -0.099889
6.952500 -0.102225
6.955000 -0.104617
6.957500 -0.107066
6.960000 -0.109574
6.962500 -0.112142
6.965000 -0.114772
6.967500 -0.117466
6.970000 -0.120224
6.972500 -0.123049
6.975000 -0.125941
6.977500 -0.128904
6.980000 -0.131938
6.982500 -0.135045
6.985000 -0.138228
6.987500 -0.141487
6.990000 -0.144826
6.992500 -0.148245
6.995000 -0.151746
6.997500 -0.155333
7.000000 -0.159007
7.002500 -0.162770
7.005000 -0.166624
7.007500 -0.170572
7.010000 -0.174615
7.012500 -0.178757
7.015000 -0.183000
7.017500 -0.187346
7.020000 -0.191798
7.022500 -0.196359
7.025000 -0.201030
7.027500 -0.205816
7.030000 -0.210718
7.032500 -0.215741
7.035000 -0.220886
7.037500 -0.226156
7.040000 -0.231556
7.042500 -0.237088
7.045000 -0.242756
7.047500 -0.248562
7.050000 -0.254511
7.052500 -0.260606
7.055000 -0.266850
7.057500 -0.273248
7.060000 -0.279803
7.062500 -0.286520
7.065000 -0.293401
7.067500 -0.300452
7.070000 -0.307677
7.072500 -0.315080
7.075000 -0.322666
7.077500 -0.330438
7.080000 -0.338403
7.082500 -0.346565
7.085000 -0.354928
7.087500 -0.363498
7.090000 -0.372280
7.092500 -0.381280
7.095000 -0.390502
7.097500 -0.399954
7.100000 -0.409639
7.102500 -0.419566
7.105000 -0.429738
7.107500 -0.440164
7.110000 -0.450848
7.112500 -0.461799
7.115000 -0.473022
7.117500 -0.484524
7.120000 -0.496313
7.122500 -0.508396
7.125000 -0.520781
7.127500 -0.533474
7.130000 -0.546485
7.132500 -0.559820
7.135000 -0.573490
7.137500 -0.587501
7.140000 -0.601862
7.142500 -0.616584
7.145000 -0.631674
7.147500 -0.647143
7.150000 -0.663000
7.152500 -0.679255
7.155000 -0.695918
7.157500 -0.713000
7.160000 -0.730511
7.162500 -0.748463
7.165000 -0.766867
7.167500 -0.785734
7.170000 -0.805077
7.172500 -0.824907
7.175000 -0.845238
7.177500 -0.866082
7.180000 -0.887453
7.182500 -0.909363
7.185000 -0.931828
7.187500 -0.954861
7.190000 -0.978477
7.192500 -1.002691
7.195000 -1.027519
7.197500 -1.052976
7.200000 -1.079079
7.202500 -1.105845
7.205000 -1.133291
7.207500 -1.161434
7.210000 -1.190292
7.212500 -1.219885
7.215000 -1.250232
7.217500 -1.281351
7.220000 -1.313263
7.222500 -1.345989
7.225000 -1.379550
7.227500 -1.413968
7.230000 -1.449264
7.232500 -1.485463
