0	0	0.5
0	0.001	0.500747
0	0.002	0.50149
0	0.003	0.502227
0	0.004	0.502959
0	0.005	0.503687
0	0.006	0.50441
0	0.007	0.505128
0	0.008	0.505842
0	0.009	0.506551
0	0.01	0.507256
0	0.011	0.507957
0	0.012	0.508654
0	0.013	0.509346
0	0.014	0.510035
0	0.015	0.51072
0	0.016	0.5114
0	0.017	0.512077
0	0.018	0.512751
0	0.019	0.51342
0	0.02	0.514086
0	0.021	0.514749
0	0.022	0.515408
0	0.023	0.516064
0	0.024	0.516716
0	0.025	0.517365
0	0.026	0.518011
0	0.027	0.518653
0	0.028	0.519292
0	0.029	0.519929
0	0.03	0.520562
0	0.031	0.521192
0	0.032	0.521819
0	0.033	0.522443
0	0.034	0.523065
0	0.035	0.523683
0	0.036	0.524299
0	0.037	0.524912
0	0.038	0.525522
0	0.039	0.526129
0	0.04	0.526734
0	0.041	0.527336
0	0.042	0.527936
0	0.043	0.528533
0	0.044	0.529127
0	0.045	0.529719
0	0.046	0.530309
0	0.047	0.530896
0	0.048	0.53148
0	0.049	0.532063
0	0.05	0.532643
0	0.051	0.53322
0	0.052	0.533796
0	0.053	0.534369
0	0.054	0.53494
0	0.055	0.535508
0	0.056	0.536075
0	0.057	0.536639
0	0.058	0.537201
0	0.059	0.537761
0	0.06	0.538319
0	0.061	0.538875
0	0.062	0.539429
0	0.063	0.539981
0	0.064	0.540531
0	0.065	0.541079
0	0.066	0.541624
0	0.067	0.542168
0	0.068	0.54271
0	0.069	0.543251
0	0.07	0.543789
0	0.071	0.544325
0	0.072	0.54486
0	0.073	0.545392
0	0.074	0.545923
0	0.075	0.546453
0	0.076	0.54698
0	0.077	0.547505
0	0.078	0.548029
0	0.079	0.548552
0	0.08	0.549072
0	0.081	0.549591
0	0.082	0.550108
0	0.083	0.550623
0	0.084	0.551137
0	0.085	0.551649
0	0.086	0.55216
0	0.087	0.552669
0	0.088	0.553176
0	0.089	0.553682
0	0.09	0.554186
0	0.091	0.554689
0	0.092	0.55519
0	0.093	0.55569
0	0.094	0.556188
0	0.095	0.556685
0	0.096	0.55718
0	0.097	0.557674
0	0.098	0.558166
0	0.099	0.558657
1	0	1.5
1	0.001	1.50373
1	0.002	1.50742
1	0.003	1.51107
1	0.004	1.51468
1	0.005	1.51826
1	0.006	1.52181
1	0.007	1.52531
1	0.008	1.52879
1	0.009	1.53224
1	0.01	1.53565
1	0.011	1.53903
1	0.012	1.54238
1	0.013	1.54571
1	0.014	1.54901
1	0.015	1.55228
1	0.016	1.55552
1	0.017	1.55874
1	0.018	1.56193
1	0.019	1.5651
1	0.02	1.56824
1	0.021	1.57136
1	0.022	1.57446
1	0.023	1.57753
1	0.024	1.58058
1	0.025	1.58361
1	0.026	1.58662
1	0.027	1.58961
1	0.028	1.59258
1	0.029	1.59553
1	0.03	1.59846
1	0.031	1.60137
1	0.032	1.60426
1	0.033	1.60713
1	0.034	1.60998
1	0.035	1.61282
1	0.036	1.61564
1	0.037	1.61844
1	0.038	1.62123
1	0.039	1.624
1	0.04	1.62675
1	0.041	1.62948
1	0.042	1.63221
1	0.043	1.63491
1	0.044	1.6376
1	0.045	1.64028
1	0.046	1.64294
1	0.047	1.64558
1	0.048	1.64821
1	0.049	1.65083
1	0.05	1.65344
1	0.051	1.65603
1	0.052	1.6586
1	0.053	1.66117
1	0.054	1.66372
1	0.055	1.66625
1	0.056	1.66878
1	0.057	1.67129
1	0.058	1.67379
1	0.059	1.67628
1	0.06	1.67876
1	0.061	1.68122
1	0.062	1.68367
1	0.063	1.68611
1	0.064	1.68854
1	0.065	1.69096
1	0.066	1.69337
1	0.067	1.69577
1	0.068	1.69815
1	0.069	1.70053
1	0.07	1.70289
1	0.071	1.70525
1	0.072	1.70759
1	0.073	1.70992
1	0.074	1.71225
1	0.075	1.71456
1	0.076	1.71687
1	0.077	1.71916
1	0.078	1.72145
1	0.079	1.72372
1	0.08	1.72599
1	0.081	1.72824
1	0.082	1.73049
1	0.083	1.73273
1	0.084	1.73496
1	0.085	1.73718
1	0.086	1.73939
1	0.087	1.7416
1	0.088	1.74379
1	0.089	1.74598
1	0.09	1.74816
1	0.091	1.75033
1	0.092	1.75249
1	0.093	1.75464
1	0.094	1.75679
1	0.095	1.75893
1	0.096	1.76106
1	0.097	1.76318
1	0.098	1.7653
1	0.099	1.7674
2	0	2.5
2	0.001	2.50967
2	0.002	2.5192
2	0.003	2.52859
2	0.004	2.53784
2	0.005	2.54697
2	0.006	2.55597
2	0.007	2.56486
2	0.008	2.57363
2	0.009	2.58229
2	0.01	2.59085
2	0.011	2.5993
2	0.012	2.60766
2	0.013	2.61592
2	0.014	2.62409
2	0.015	2.63217
2	0.016	2.64016
2	0.017	2.64807
2	0.018	2.6559
2	0.019	2.66366
2	0.02	2.67133
2	0.021	2.67893
2	0.022	2.68646
2	0.023	2.69392
2	0.024	2.70131
2	0.025	2.70863
2	0.026	2.71589
2	0.027	2.72308
2	0.028	2.73022
2	0.029	2.73729
2	0.03	2.7443
2	0.031	2.75126
2	0.032	2.75816
2	0.033	2.765
2	0.034	2.77179
2	0.035	2.77853
2	0.036	2.78522
2	0.037	2.79186
2	0.038	2.79844
2	0.039	2.80498
2	0.04	2.81147
2	0.041	2.81792
2	0.042	2.82432
2	0.043	2.83067
2	0.044	2.83698
2	0.045	2.84325
2	0.046	2.84948
2	0.047	2.85566
2	0.048	2.86181
2	0.049	2.86791
2	0.05	2.87398
2	0.051	2.88001
2	0.052	2.886
2	0.053	2.89195
2	0.054	2.89786
2	0.055	2.90374
2	0.056	2.90959
2	0.057	2.9154
2	0.058	2.92117
2	0.059	2.92692
2	0.06	2.93263
2	0.061	2.9383
2	0.062	2.94395
2	0.063	2.94956
2	0.064	2.95514
2	0.065	2.96069
2	0.066	2.96621
2	0.067	2.9717
2	0.068	2.97717
2	0.069	2.9826
2	0.07	2.988
2	0.071	2.99338
2	0.072	2.99873
2	0.073	3.00405
2	0.074	3.00935
2	0.075	3.01461
2	0.076	3.01986
2	0.077	3.02507
2	0.078	3.03026
2	0.079	3.03543
2	0.08	3.04057
2	0.081	3.04569
2	0.082	3.05078
2	0.083	3.05585
2	0.084	3.06089
2	0.085	3.06591
2	0.086	3.07091
2	0.087	3.07589
2	0.088	3.08084
2	0.089	3.08577
2	0.09	3.09068
2	0.091	3.09557
2	0.092	3.10043
2	0.093	3.10528
2	0.094	3.1101
2	0.095	3.11491
2	0.096	3.11969
2	0.097	3.12445
2	0.098	3.1292
2	0.099	3.13392
3	0	3.5
3	0.001	3.51856
3	0.002	3.53674
3	0.003	3.55458
3	0.004	3.57209
3	0.005	3.58929
3	0.006	3.60619
3	0.007	3.6228
3	0.008	3.63915
3	0.009	3.65525
3	0.01	3.67109
3	0.011	3.68671
3	0.012	3.7021
3	0.013	3.71727
3	0.014	3.73224
3	0.015	3.747
3	0.016	3.76158
3	0.017	3.77597
3	0.018	3.79018
3	0.019	3.80422
3	0.02	3.81809
3	0.021	3.8318
3	0.022	3.84536
3	0.023	3.85876
3	0.024	3.87202
3	0.025	3.88514
3	0.026	3.89811
3	0.027	3.91096
3	0.028	3.92367
3	0.029	3.93626
3	0.03	3.94872
3	0.031	3.96107
3	0.032	3.97329
3	0.033	3.98541
3	0.034	3.99741
3	0.035	4.00931
3	0.036	4.0211
3	0.037	4.03278
3	0.038	4.04437
3	0.039	4.05586
3	0.04	4.06725
3	0.041	4.07855
3	0.042	4.08975
3	0.043	4.10087
3	0.044	4.1119
3	0.045	4.12285
3	0.046	4.13371
3	0.047	4.14448
3	0.048	4.15518
3	0.049	4.1658
3	0.05	4.17634
3	0.051	4.1868
3	0.052	4.19719
3	0.053	4.20751
3	0.054	4.21776
3	0.055	4.22793
3	0.056	4.23804
3	0.057	4.24808
3	0.058	4.25805
3	0.059	4.26796
3	0.06	4.2778
3	0.061	4.28758
3	0.062	4.2973
3	0.063	4.30695
3	0.064	4.31655
3	0.065	4.32609
3	0.066	4.33557
3	0.067	4.34499
3	0.068	4.35435
3	0.069	4.36367
3	0.07	4.37292
3	0.071	4.38213
3	0.072	4.39128
3	0.073	4.40037
3	0.074	4.40942
3	0.075	4.41842
3	0.076	4.42737
3	0.077	4.43627
3	0.078	4.44512
3	0.079	4.45392
3	0.08	4.46267
3	0.081	4.47138
3	0.082	4.48005
3	0.083	4.48867
3	0.084	4.49724
3	0.085	4.50578
3	0.086	4.51426
3	0.087	4.52271
3	0.088	4.53111
3	0.089	4.53948
3	0.09	4.5478
3	0.091	4.55608
3	0.092	4.56432
3	0.093	4.57253
3	0.094	4.58069
3	0.095	4.58881
3	0.096	4.5969
3	0.097	4.60495
3	0.098	4.61297
3	0.099	4.62094
4	0	4.5
4	0.001	4.53035
4	0.002	4.55996
4	0.003	4.58886
4	0.004	4.6171
4	0.005	4.64474
4	0.006	4.6718
4	0.007	4.69832
4	0.008	4.72433
4	0.009	4.74985
4	0.01	4.77491
4	0.011	4.79954
4	0.012	4.82375
4	0.013	4.84757
4	0.014	4.87101
4	0.015	4.89408
4	0.016	4.91681
4	0.017	4.93921
4	0.018	4.96128
4	0.019	4.98305
4	0.02	5.00453
4	0.021	5.02572
4	0.022	5.04664
4	0.023	5.06729
4	0.024	5.08768
4	0.025	5.10784
4	0.026	5.12775
4	0.027	5.14743
4	0.028	5.16688
4	0.029	5.18612
4	0.03	5.20515
4	0.031	5.22398
4	0.032	5.2426
4	0.033	5.26104
4	0.034	5.27928
4	0.035	5.29734
4	0.036	5.31523
4	0.037	5.33294
4	0.038	5.35049
4	0.039	5.36787
4	0.04	5.38509
4	0.041	5.40216
4	0.042	5.41907
4	0.043	5.43583
4	0.044	5.45245
4	0.045	5.46893
4	0.046	5.48527
4	0.047	5.50147
4	0.048	5.51754
4	0.049	5.53348
4	0.05	5.5493
4	0.051	5.56499
4	0.052	5.58056
4	0.053	5.59601
4	0.054	5.61134
4	0.055	5.62656
4	0.056	5.64167
4	0.057	5.65666
4	0.058	5.67155
4	0.059	5.68634
4	0.06	5.70101
4	0.061	5.71559
4	0.062	5.73007
4	0.063	5.74445
4	0.064	5.75873
4	0.065	5.77292
4	0.066	5.78702
4	0.067	5.80102
4	0.068	5.81494
4	0.069	5.82877
4	0.07	5.84251
4	0.071	5.85616
4	0.072	5.86973
4	0.073	5.88322
4	0.074	5.89663
4	0.075	5.90995
4	0.076	5.9232
4	0.077	5.93637
4	0.078	5.94946
4	0.079	5.96248
4	0.08	5.97543
4	0.081	5.9883
4	0.082	6.0011
4	0.083	6.01383
4	0.084	6.02649
4	0.085	6.03908
4	0.086	6.0516
4	0.087	6.06406
4	0.088	6.07645
4	0.089	6.08877
4	0.09	6.10103
4	0.091	6.11323
4	0.092	6.12537
4	0.093	6.13744
4	0.094	6.14945
4	0.095	6.16141
4	0.096	6.1733
4	0.097	6.18514
4	0.098	6.19691
4	0.099	6.20864
5	0	5.5
5	0.001	5.54504
5	0.002	5.58875
5	0.003	5.63123
5	0.004	5.67259
5	0.005	5.7129
5	0.006	5.75223
5	0.007	5.79066
5	0.008	5.82823
5	0.009	5.86501
5	0.01	5.90103
5	0.011	5.93634
5	0.012	5.97097
5	0.013	6.00497
5	0.014	6.03837
5	0.015	6.07118
5	0.016	6.10345
5	0.017	6.13519
5	0.018	6.16643
5	0.019	6.19718
5	0.02	6.22748
5	0.021	6.25733
5	0.022	6.28676
5	0.023	6.31579
5	0.024	6.34441
5	0.025	6.37266
5	0.026	6.40055
5	0.027	6.42808
5	0.028	6.45526
5	0.029	6.48212
5	0.03	6.50866
5	0.031	6.53489
5	0.032	6.56083
5	0.033	6.58647
5	0.034	6.61183
5	0.035	6.63691
5	0.036	6.66173
5	0.037	6.68629
5	0.038	6.7106
5	0.039	6.73467
5	0.04	6.7585
5	0.041	6.7821
5	0.042	6.80547
5	0.043	6.82862
5	0.044	6.85156
5	0.045	6.87429
5	0.046	6.89681
5	0.047	6.91914
5	0.048	6.94127
5	0.049	6.96321
5	0.05	6.98496
5	0.051	7.00654
5	0.052	7.02793
5	0.053	7.04915
5	0.054	7.0702
5	0.055	7.09109
5	0.056	7.11181
5	0.057	7.13237
5	0.058	7.15278
5	0.059	7.17303
5	0.06	7.19313
5	0.061	7.21309
5	0.062	7.2329
5	0.063	7.25257
5	0.064	7.27209
5	0.065	7.29149
5	0.066	7.31075
5	0.067	7.32987
5	0.068	7.34887
5	0.069	7.36774
5	0.07	7.38649
5	0.071	7.40511
5	0.072	7.42361
5	0.073	7.442
5	0.074	7.46027
5	0.075	7.47842
5	0.076	7.49646
5	0.077	7.51439
5	0.078	7.53221
5	0.079	7.54992
5	0.08	7.56753
5	0.081	7.58504
5	0.082	7.60244
5	0.083	7.61974
5	0.084	7.63694
5	0.085	7.65404
5	0.086	7.67105
5	0.087	7.68796
5	0.088	7.70478
5	0.089	7.72151
5	0.09	7.73814
5	0.091	7.75469
5	0.092	7.77115
5	0.093	7.78752
5	0.094	7.8038
5	0.095	7.82
5	0.096	7.83612
5	0.097	7.85215
5	0.098	7.8681
5	0.099	7.88397
6	0	6.5
6	0.001	6.5626
6	0.002	6.62304
6	0.003	6.68154
6	0.004	6.73827
6	0.005	6.79336
6	0.006	6.84695
6	0.007	6.89915
6	0.008	6.95005
6	0.009	6.99976
6	0.01	7.04833
6	0.011	7.09584
6	0.012	7.14235
6	0.013	7.18793
6	0.014	7.23261
6	0.015	7.27645
6	0.016	7.31949
6	0.017	7.36176
6	0.018	7.40331
6	0.019	7.44417
6	0.02	7.48437
6	0.021	7.52394
6	0.022	7.56289
6	0.023	7.60127
6	0.024	7.63909
6	0.025	7.67637
6	0.026	7.71313
6	0.027	7.7494
6	0.028	7.78519
6	0.029	7.82051
6	0.03	7.85539
6	0.031	7.88983
6	0.032	7.92386
6	0.033	7.95748
6	0.034	7.99071
6	0.035	8.02356
6	0.036	8.05605
6	0.037	8.08817
6	0.038	8.11995
6	0.039	8.15139
6	0.04	8.1825
6	0.041	8.2133
6	0.042	8.24378
6	0.043	8.27396
6	0.044	8.30385
6	0.045	8.33345
6	0.046	8.36277
6	0.047	8.39182
6	0.048	8.4206
6	0.049	8.44913
6	0.05	8.4774
6	0.051	8.50542
6	0.052	8.5332
6	0.053	8.56075
6	0.054	8.58806
6	0.055	8.61515
6	0.056	8.64202
6	0.057	8.66867
6	0.058	8.69511
6	0.059	8.72134
6	0.06	8.74737
6	0.061	8.7732
6	0.062	8.79883
6	0.063	8.82427
6	0.064	8.84953
6	0.065	8.8746
6	0.066	8.89949
6	0.067	8.92421
6	0.068	8.94875
6	0.069	8.97312
6	0.07	8.99732
6	0.071	9.02136
6	0.072	9.04523
6	0.073	9.06895
6	0.074	9.09251
6	0.075	9.11592
6	0.076	9.13918
6	0.077	9.16229
6	0.078	9.18525
6	0.079	9.20808
6	0.08	9.23075
6	0.081	9.2533
6	0.082	9.2757
6	0.083	9.29797
6	0.084	9.32011
6	0.085	9.34212
6	0.086	9.36399
6	0.087	9.38575
6	0.088	9.40738
6	0.089	9.42888
6	0.09	9.45027
6	0.091	9.47153
6	0.092	9.49268
6	0.093	9.51371
6	0.094	9.53463
6	0.095	9.55544
6	0.096	9.57614
6	0.097	9.59672
6	0.098	9.6172
6	0.099	9.63757
7	0	7.5
7	0.001	7.583
7	0.002	7.66276
7	0.003	7.73962
7	0.004	7.81388
7	0.005	7.88576
7	0.006	7.95547
7	0.007	8.02319
7	0.008	8.08907
7	0.009	8.15325
7	0.01	8.21584
7	0.011	8.27694
7	0.012	8.33666
7	0.013	8.39508
7	0.014	8.45227
7	0.015	8.50829
7	0.016	8.56322
7	0.017	8.61711
7	0.018	8.67002
7	0.019	8.72198
7	0.02	8.77305
7	0.021	8.82326
7	0.022	8.87266
7	0.023	8.92128
7	0.024	8.96914
7	0.025	9.01629
7	0.026	9.06275
7	0.027	9.10855
7	0.028	9.1537
7	0.029	9.19825
7	0.03	9.24219
7	0.031	9.28557
7	0.032	9.3284
7	0.033	9.37069
7	0.034	9.41246
7	0.035	9.45374
7	0.036	9.49453
7	0.037	9.53485
7	0.038	9.57471
7	0.039	9.61414
7	0.04	9.65313
7	0.041	9.69171
7	0.042	9.72989
7	0.043	9.76767
7	0.044	9.80506
7	0.045	9.84209
7	0.046	9.87875
7	0.047	9.91505
7	0.048	9.95101
7	0.049	9.98664
7	0.05	10.0219
7	0.051	10.0569
7	0.052	10.0916
7	0.053	10.1259
7	0.054	10.16
7	0.055	10.1938
7	0.056	10.2272
7	0.057	10.2604
7	0.058	10.2934
7	0.059	10.326
7	0.06	10.3584
7	0.061	10.3906
7	0.062	10.4225
7	0.063	10.4541
7	0.064	10.4855
7	0.065	10.5167
7	0.066	10.5476
7	0.067	10.5783
7	0.068	10.6088
7	0.069	10.6391
7	0.07	10.6692
7	0.071	10.699
7	0.072	10.7287
7	0.073	10.7581
7	0.074	10.7873
7	0.075	10.8164
7	0.076	10.8452
7	0.077	10.8739
7	0.078	10.9024
7	0.079	10.9307
7	0.08	10.9588
7	0.081	10.9867
7	0.082	11.0145
7	0.083	11.0421
7	0.084	11.0695
7	0.085	11.0967
7	0.086	11.1238
7	0.087	11.1508
7	0.088	11.1775
7	0.089	11.2042
7	0.09	11.2306
7	0.091	11.2569
7	0.092	11.2831
7	0.093	11.3091
7	0.094	11.335
7	0.095	11.3607
7	0.096	11.3863
7	0.097	11.4118
7	0.098	11.4371
7	0.099	11.4623
8	0	8.5
8	0.001	8.60622
8	0.002	8.70782
8	0.003	8.80532
8	0.004	8.89918
8	0.005	8.98976
8	0.006	9.07735
8	0.007	9.16224
8	0.008	9.24463
8	0.009	9.32472
8	0.01	9.40269
8	0.011	9.47868
8	0.012	9.55283
8	0.013	9.62526
8	0.014	9.69606
8	0.015	9.76534
8	0.016	9.83319
8	0.017	9.89968
8	0.018	9.96488
8	0.019	10.0289
8	0.02	10.0917
8	0.021	10.1534
8	0.022	10.2141
8	0.023	10.2737
8	0.024	10.3324
8	0.025	10.3902
8	0.026	10.4471
8	0.027	10.5031
8	0.028	10.5583
8	0.029	10.6128
8	0.03	10.6665
8	0.031	10.7194
8	0.032	10.7717
8	0.033	10.8233
8	0.034	10.8742
8	0.035	10.9245
8	0.036	10.9742
8	0.037	11.0233
8	0.038	11.0718
8	0.039	11.1197
8	0.04	11.1671
8	0.041	11.214
8	0.042	11.2604
8	0.043	11.3063
8	0.044	11.3517
8	0.045	11.3967
8	0.046	11.4412
8	0.047	11.4852
8	0.048	11.5288
8	0.049	11.572
8	0.05	11.6148
8	0.051	11.6572
8	0.052	11.6991
8	0.053	11.7408
8	0.054	11.782
8	0.055	11.8229
8	0.056	11.8634
8	0.057	11.9036
8	0.058	11.9434
8	0.059	11.9829
8	0.06	12.0221
8	0.061	12.0609
8	0.062	12.0995
8	0.063	12.1377
8	0.064	12.1756
8	0.065	12.2133
8	0.066	12.2507
8	0.067	12.2877
8	0.068	12.3245
8	0.069	12.3611
8	0.07	12.3973
8	0.071	12.4334
8	0.072	12.4691
8	0.073	12.5046
8	0.074	12.5399
8	0.075	12.5749
8	0.076	12.6097
8	0.077	12.6442
8	0.078	12.6785
8	0.079	12.7126
8	0.08	12.7465
8	0.081	12.7802
8	0.082	12.8136
8	0.083	12.8468
8	0.084	12.8798
8	0.085	12.9127
8	0.086	12.9453
8	0.087	12.9777
8	0.088	13.0099
8	0.089	13.042
8	0.09	13.0738
8	0.091	13.1055
8	0.092	13.1369
8	0.093	13.1682
8	0.094	13.1993
8	0.095	13.2303
8	0.096	13.2611
8	0.097	13.2917
8	0.098	13.3221
8	0.099	13.3524
9	0	9.5
9	0.001	9.63225
9	0.002	9.75814
9	0.003	9.87849
9	0.004	9.99395
9	0.005	10.105
9	0.006	10.2122
9	0.007	10.3158
9	0.008	10.4161
9	0.009	10.5135
9	0.01	10.6081
9	0.011	10.7002
9	0.012	10.7899
9	0.013	10.8774
9	0.014	10.9629
9	0.015	11.0464
9	0.016	11.1281
9	0.017	11.2081
9	0.018	11.2865
9	0.019	11.3633
9	0.02	11.4387
9	0.021	11.5127
9	0.022	11.5854
9	0.023	11.6568
9	0.024	11.7271
9	0.025	11.7961
9	0.026	11.8641
9	0.027	11.9311
9	0.028	11.997
9	0.029	12.062
9	0.03	12.126
9	0.031	12.1891
9	0.032	12.2514
9	0.033	12.3128
9	0.034	12.3735
9	0.035	12.4333
9	0.036	12.4924
9	0.037	12.5508
9	0.038	12.6085
9	0.039	12.6655
9	0.04	12.7218
9	0.041	12.7775
9	0.042	12.8326
9	0.043	12.8871
9	0.044	12.9409
9	0.045	12.9942
9	0.046	13.047
9	0.047	13.0992
9	0.048	13.1509
9	0.049	13.2021
9	0.05	13.2528
9	0.051	13.303
9	0.052	13.3527
9	0.053	13.402
9	0.054	13.4508
9	0.055	13.4991
9	0.056	13.5471
9	0.057	13.5946
9	0.058	13.6417
9	0.059	13.6884
9	0.06	13.7347
9	0.061	13.7807
9	0.062	13.8262
9	0.063	13.8714
9	0.064	13.9162
9	0.065	13.9607
9	0.066	14.0048
9	0.067	14.0486
9	0.068	14.0921
9	0.069	14.1352
9	0.07	14.178
9	0.071	14.2205
9	0.072	14.2627
9	0.073	14.3046
9	0.074	14.3462
9	0.075	14.3875
9	0.076	14.4285
9	0.077	14.4692
9	0.078	14.5097
9	0.079	14.5499
9	0.08	14.5898
9	0.081	14.6295
9	0.082	14.6689
9	0.083	14.708
9	0.084	14.7469
9	0.085	14.7856
9	0.086	14.824
9	0.087	14.8622
9	0.088	14.9002
9	0.089	14.9379
9	0.09	14.9754
9	0.091	15.0126
9	0.092	15.0497
9	0.093	15.0865
9	0.094	15.1232
9	0.095	15.1596
9	0.096	15.1958
9	0.097	15.2318
9	0.098	15.2676
9	0.099	15.3032
10	0	10.5
10	0.001	10.6611
10	0.002	10.8137
10	0.003	10.959
10	0.004	11.098
10	0.005	11.2313
10	0.006	11.3596
10	0.007	11.4834
10	0.008	11.603
10	0.009	11.7189
10	0.01	11.8314
10	0.011	11.9407
10	0.012	12.047
10	0.013	12.1506
10	0.014	12.2517
10	0.015	12.3504
10	0.016	12.4468
10	0.017	12.5412
10	0.018	12.6335
10	0.019	12.724
10	0.02	12.8127
10	0.021	12.8997
10	0.022	12.9851
10	0.023	13.069
10	0.024	13.1515
10	0.025	13.2325
10	0.026	13.3122
10	0.027	13.3907
10	0.028	13.4679
10	0.029	13.544
10	0.03	13.6189
10	0.031	13.6928
10	0.032	13.7656
10	0.033	13.8374
10	0.034	13.9082
10	0.035	13.9782
10	0.036	14.0472
10	0.037	14.1153
10	0.038	14.1826
10	0.039	14.2491
10	0.04	14.3148
10	0.041	14.3798
10	0.042	14.444
10	0.043	14.5074
10	0.044	14.5702
10	0.045	14.6323
10	0.046	14.6938
10	0.047	14.7546
10	0.048	14.8147
10	0.049	14.8743
10	0.05	14.9333
10	0.051	14.9917
10	0.052	15.0495
10	0.053	15.1068
10	0.054	15.1635
10	0.055	15.2197
10	0.056	15.2755
10	0.057	15.3307
10	0.058	15.3854
10	0.059	15.4397
10	0.06	15.4935
10	0.061	15.5468
10	0.062	15.5997
10	0.063	15.6521
10	0.064	15.7042
10	0.065	15.7558
10	0.066	15.807
10	0.067	15.8578
10	0.068	15.9082
10	0.069	15.9582
10	0.07	16.0079
10	0.071	16.0572
10	0.072	16.1061
10	0.073	16.1547
10	0.074	16.2029
10	0.075	16.2508
10	0.076	16.2983
10	0.077	16.3455
10	0.078	16.3924
10	0.079	16.439
10	0.08	16.4852
10	0.081	16.5312
10	0.082	16.5768
10	0.083	16.6221
10	0.084	16.6672
10	0.085	16.712
10	0.086	16.7564
10	0.087	16.8007
10	0.088	16.8446
10	0.089	16.8882
10	0.09	16.9316
10	0.091	16.9748
10	0.092	17.0177
10	0.093	17.0603
10	0.094	17.1027
10	0.095	17.1448
10	0.096	17.1867
10	0.097	17.2283
10	0.098	17.2698
10	0.099	17.3109
